1 11.8163
2 11.8163
3 11.5781
4 6.22909
5 3.43656
6 2.25682
7 1.6776
8 1.34461
9 1.14096
10 1
11 0.903506
12 0.829508
13 0.776896
14 0.731436
15 0.699735
16 0.669001
17 0.648192
18 0.626518
19 0.612552
20 0.59409
21 0.582626
22 0.568683
23 0.561014
24 0.54961
25 0.546201
26 0.535661
27 0.529948
28 0.519576
29 0.514536
30 0.503562
31 0.495617
32 0.483533
33 0.477949
34 0.466962
35 0.463128
36 0.455747
37 0.455723
38 0.448779
39 0.447213
40 0.441644
41 0.439953
42 0.430798
43 0.426772
44 0.416154
45 0.411986
46 0.401137
47 0.396827
48 0.388319
49 0.386107
50 0.379182
51 0.377727
52 0.371144
53 0.371106
54 0.364615
55 0.365135
56 0.361448
57 0.362754
58 0.356212
59 0.355407
60 0.348956
61 0.34814
62 0.340616
63 0.338147
64 0.331871
65 0.331107
66 0.324628
67 0.324188
68 0.319098
69 0.319034
70 0.313898
71 0.314201
72 0.309156
73 0.310283
74 0.305735
75 0.306179
76 0.302038
77 0.304227
78 0.298211
79 0.299658
80 0.295457
81 0.296637
82 0.290995
83 0.290528
84 0.285862
85 0.286745
86 0.281065
87 0.281487
88 0.276755
89 0.27779
90 0.274395
91 0.27532
92 0.271927
93 0.273473
94 0.268591
95 0.270065
96 0.26603
97 0.266966
98 0.262746
99 0.264346
100 0.260949
101 0.262585
102 0.257524
103 0.258525
104 0.25438
105 0.256457
106 0.251275
107 0.252712
108 0.249314
109 0.251167
110 0.24831
111 0.249225
112 0.245825
113 0.248127
114 0.243281
115 0.244214
116 0.240895
117 0.242057
118 0.237644
119 0.238094
120 0.234787
121 0.235817
122 0.23209
123 0.233583
124 0.229884
125 0.231923
126 0.227444
127 0.228772
128 0.225092
129 0.226707
130 0.222417
131 0.223865
132 0.221095
133 0.223377
134 0.219804
135 0.221164
136 0.217279
137 0.219725
138 0.216399
139 0.217316
140 0.214287
141 0.215741
142 0.212445
143 0.213855
144 0.21061
145 0.212762
146 0.209524
147 0.210597
148 0.207738
149 0.209149
150 0.205399
151 0.20686
152 0.204381
153 0.205686
154 0.201852
155 0.203518
156 0.200535
157 0.202116
158 0.198551
159 0.200266
160 0.197965
161 0.200416
162 0.196177
163 0.197532
164 0.195185
165 0.196373
166 0.192856
167 0.194075
168 0.192056
169 0.192605
170 0.189602
171 0.190724
172 0.188501
173 0.189453
174 0.186579
175 0.188176
176 0.184331
177 0.186186
178 0.182725
179 0.184541
180 0.181725
181 0.183037
182 0.180414
183 0.181559
184 0.178534
185 0.179863
186 0.17651
187 0.177611
188 0.174576
189 0.175761
190 0.172691
191 0.173875
192 0.171461
193 0.173525
194 0.170936
195 0.172585
196 0.170517
197 0.172073
198 0.169133
199 0.17031
200 0.167193
201 0.168087
202 0.165342
203 0.166719
204 0.162882
205 0.164169
206 0.161669
207 0.163197
208 0.160509
209 0.161781
210 0.159081
211 0.160922
212 0.158224
213 0.159893
214 0.157375
215 0.158713
216 0.1563
217 0.1582
218 0.155095
219 0.156201
220 0.153858
221 0.155525
222 0.152679
223 0.15446
224 0.15141
225 0.153693
226 0.151182
227 0.151779
228 0.149448
229 0.150217
230 0.147151
231 0.147689
232 0.144976
233 0.146609
234 0.142796
235 0.144356
236 0.141631
237 0.143762
238 0.141284
239 0.142699
240 0.140049
241 0.14157
242 0.13863
243 0.139498
244 0.136937
245 0.139107
246 0.136659
247 0.137918
248 0.135986
249 0.137792
250 0.134798
251 0.136423
252 0.13429
253 0.135831
254 0.133652
255 0.134751
256 0.133111
257 0.133922
258 0.132223
259 0.132743
260 0.130658
261 0.132208
262 0.129336
263 0.131307
264 0.128785
265 0.130351
266 0.12725
267 0.128076
268 0.125534
269 0.126142
270 0.123841
271 0.125059
272 0.123485
273 0.12553
274 0.123828
275 0.125
276 0.12349
277 0.124313
278 0.121868
279 0.122837
280 0.120886
281 0.122136
282 0.120541
283 0.121386
284 0.119483
285 0.12072
286 0.118777
287 0.120352
288 0.118948
289 0.119623
290 0.116988
291 0.117808
292 0.11581
293 0.116608
294 0.114673
295 0.115693
296 0.114217
297 0.116166
298 0.114468
299 0.115737
300 0.113666
301 0.115084
302 0.112889
303 0.114191
304 0.112382
305 0.113445
306 0.111826
307 0.114389
308 0.112001
309 0.1131
310 0.111031
311 0.112165
312 0.109936
313 0.110806
314 0.108541
315 0.10948
316 0.107402
317 0.108666
318 0.106934
319 0.107742
320 0.105948
321 0.107001
322 0.105082
323 0.105218
324 0.10354
325 0.104365
326 0.102471
327 0.103543
328 0.102591
329 0.104044
330 0.102294
331 0.103268
332 0.10158
333 0.102185
334 0.101025
335 0.101134
336 0.0990062
337 0.100978
338 0.0983644
339 0.0995472
340 0.0977268
341 0.0979062
342 0.0966592
343 0.0977623
344 0.0968093
345 0.097453
346 0.0957087
347 0.0963939
348 0.0951072
349 0.0956951
350 0.0944422
351 0.0953173
352 0.0941214
353 0.095179
354 0.0937595
355 0.0949845
356 0.0936653
357 0.0945853
358 0.0925917
359 0.0928642
360 0.091854
361 0.0925704
362 0.0908319
363 0.0910107
364 0.0885376
365 0.0906748
366 0.0883773
367 0.0896118
368 0.0887689
369 0.0903915
370 0.0877362
371 0.0886378
372 0.0888667
373 0.0884263
374 0.0874143
375 0.0876696
376 0.086559
377 0.0870793
378 0.0864377
379 0.0871181
380 0.0865852
381 0.0854264
382 0.0846292
383 0.085912
384 0.0841094
385 0.0844003
386 0.0830483
387 0.0832579
388 0.0829661
389 0.0845442
390 0.0826663
391 0.0844171
392 0.0829412
393 0.083061
394 0.081849
395 0.0828698
396 0.0811096
397 0.0820844
398 0.0810103
399 0.0814887
400 0.0796755
401 0.0811617
402 0.08022
403 0.0801075
404 0.0794577
405 0.0807604
406 0.0803394
407 0.0802929
408 0.08104
409 0.0807569
410 0.0803117
411 0.0803964
412 0.0801502
413 0.0814284
414 0.0788901
415 0.0792238
416 0.0787326
417 0.0798086
418 0.0785965
419 0.0788226
420 0.0786494
421 0.078819
422 0.0781753
423 0.0782778
424 0.0780736
425 0.0780039
426 0.0766341
427 0.0784961
428 0.07615
429 0.0768119
430 0.0766983
431 0.0764863
432 0.0758958
433 0.0767819
434 0.0758634
435 0.0748913
436 0.0750011
437 0.0752899
438 0.0737243
439 0.0740578
440 0.0739592
441 0.0744425
442 0.0724694
443 0.0728295
444 0.071494
445 0.0721712
446 0.0699718
447 0.0711529
448 0.0704219
449 0.0695565
450 0.0695135
451 0.0691006
452 0.0681375
453 0.0685935
454 0.0678023
455 0.0680185
456 0.066813
457 0.0674239
458 0.0672418
459 0.0676659
460 0.0667525
461 0.067293
462 0.0671814
463 0.0678728
464 0.0672347
465 0.0673769
466 0.0664916
467 0.0665936
468 0.065977
469 0.0656327
470 0.0653727
471 0.0649325
472 0.0636081
473 0.0636989
474 0.0624087
475 0.0616385
476 0.0607568
477 0.061128
478 0.0596531
479 0.059383
480 0.0586451
481 0.057873
482 0.057542
483 0.0573935
484 0.056756
485 0.0575492
486 0.0574404
487 0.0566386
488 0.0555745
489 0.0555718
490 0.0545726
491 0.054232
492 0.0526913
493 0.0533305
494 0.0526721
495 0.0533431
496 0.0529315
497 0.0528422
498 0.0522064
499 0.0526342
500 0.0523429
501 0.0521794
502 0.0514275
503 0.0507713
504 0.0501254
505 0.0504596
506 0.0493491
507 0.0488618
508 0.0481117
509 0.047562
510 0.0471655
511 0.0470038
512 0.0468303
513 0.046891
514 0.0467049
515 0.0464351
516 0.0460445
517 0.0452107
518 0.0446769
519 0.0434939
520 0.0428058
521 0.0421036
522 0.0418093
523 0.0404134
524 0.0402319
525 0.0402281
526 0.038909
527 0.0390363
528 0.0393615
529 0.039644
530 0.0394828
531 0.0391571
532 0.0379194
533 0.0378711
534 0.0382057
535 0.037988
536 0.0382315
537 0.0375405
538 0.0367984
539 0.035908
540 0.0355041
541 0.0347502
542 0.0348472
543 0.0337628
544 0.0333964
545 0.0320972
546 0.032671
547 0.0311186
548 0.0308925
549 0.0296826
550 0.0297504
551 0.0295271
552 0.029098
553 0.0289068
554 0.028819
555 0.029162
556 0.0286462
557 0.0293222
558 0.0288582
559 0.0291479
560 0.028519
561 0.0282452
562 0.0288228
563 0.0281835
564 0.0275724
565 0.0272557
566 0.0274159
567 0.0277092
568 0.0277207
569 0.0265853
570 0.0263921
571 0.0267258
572 0.0264999
573 0.0265196
574 0.0263225
575 0.0263344
576 0.0255958
577 0.025618
578 0.0259266
579 0.02469
580 0.0246408
581 0.0249928
582 0.0250988
583 0.02504
584 0.0248211
585 0.0249687
586 0.0259793
587 0.0260056
588 0.0279525
589 0.0294361
590 0.0283541
591 0.0270234
592 0.0261901
593 0.0248375
594 0.0254113
595 0.0255753
596 0.0264974
597 0.0260671
598 0.0259441
599 0.0250834
