1 11.8492
2 11.8492
3 11.6129
4 6.26601
5 3.45908
6 2.27087
7 1.68668
8 1.35015
9 1.14357
10 1
11 0.902779
12 0.827528
13 0.77403
14 0.727591
15 0.695631
16 0.664234
17 0.642766
18 0.6192
19 0.604049
20 0.586158
21 0.575157
22 0.559693
23 0.551631
24 0.538117
25 0.531983
26 0.520223
27 0.514186
28 0.502678
29 0.498256
30 0.488404
31 0.483482
32 0.474311
33 0.471038
34 0.462165
35 0.458149
36 0.450088
37 0.447344
38 0.439256
39 0.43711
40 0.428716
41 0.426296
42 0.418126
43 0.416079
44 0.408737
45 0.407198
46 0.399214
47 0.397706
48 0.390557
49 0.389334
50 0.382136
51 0.380665
52 0.374307
53 0.374226
54 0.366254
55 0.365675
56 0.359317
57 0.359291
58 0.352431
59 0.351576
60 0.34612
61 0.346447
62 0.341236
63 0.33995
64 0.334306
65 0.333825
66 0.327923
67 0.328095
68 0.321505
69 0.321559
70 0.316018
71 0.314687
72 0.310175
73 0.311446
74 0.306258
75 0.306363
76 0.301572
77 0.303927
78 0.298307
79 0.29987
80 0.293509
81 0.295109
82 0.290756
83 0.291592
84 0.28654
85 0.287831
86 0.282434
87 0.283295
88 0.27945
89 0.28072
90 0.276745
91 0.278004
92 0.274271
93 0.274972
94 0.269553
95 0.270269
96 0.266261
97 0.267317
98 0.263081
99 0.264649
100 0.2612
101 0.262961
102 0.258613
103 0.259891
104 0.255035
105 0.257104
106 0.252125
107 0.253469
108 0.249125
109 0.251448
110 0.246915
111 0.247968
112 0.244383
113 0.245488
114 0.242024
115 0.242423
116 0.24021
117 0.241749
118 0.23784
119 0.238801
120 0.235212
121 0.236622
122 0.23264
123 0.233634
124 0.230309
125 0.231845
126 0.227649
127 0.229906
128 0.226196
129 0.228725
130 0.224365
131 0.225552
132 0.222117
133 0.22398
134 0.221004
135 0.222741
136 0.219037
137 0.219836
138 0.215565
139 0.217028
140 0.213758
141 0.216219
142 0.211457
143 0.213901
144 0.210494
145 0.212808
146 0.208513
147 0.20989
148 0.206459
149 0.208175
150 0.205461
151 0.206693
152 0.202118
153 0.204055
154 0.201828
155 0.202549
156 0.200478
157 0.201882
158 0.198483
159 0.199655
160 0.196435
161 0.198302
162 0.194622
163 0.196301
164 0.192624
165 0.194338
166 0.190763
167 0.19214
168 0.190096
169 0.191579
170 0.18818
171 0.188919
172 0.186113
173 0.187236
174 0.184526
175 0.186249
176 0.184288
177 0.185806
178 0.183277
179 0.184562
180 0.18202
181 0.183246
182 0.181
183 0.181445
184 0.178653
185 0.18052
186 0.177945
187 0.177593
188 0.174861
189 0.175743
190 0.173006
191 0.173678
192 0.170957
193 0.173096
194 0.170491
195 0.172301
196 0.168903
197 0.170307
198 0.167256
199 0.168932
200 0.165721
201 0.167209
202 0.163402
203 0.164866
204 0.161569
205 0.162694
206 0.159558
207 0.160397
208 0.158548
209 0.159788
210 0.157026
211 0.158621
212 0.15617
213 0.158338
214 0.154954
215 0.155953
216 0.153968
217 0.155771
218 0.152391
219 0.153186
220 0.150444
221 0.15178
222 0.148363
223 0.149851
224 0.147741
225 0.149037
226 0.14603
227 0.147844
228 0.144461
229 0.146634
230 0.14387
231 0.145302
232 0.142399
233 0.144698
234 0.141631
235 0.143115
236 0.139925
237 0.142196
238 0.139849
239 0.140842
240 0.138729
241 0.140323
242 0.137367
243 0.138626
244 0.136694
245 0.137862
246 0.135833
247 0.136468
248 0.13369
249 0.135338
250 0.132934
251 0.134512
252 0.131841
253 0.13244
254 0.129648
255 0.130169
256 0.127776
257 0.128488
258 0.127221
259 0.127143
260 0.125861
261 0.126565
262 0.125139
263 0.126454
264 0.124532
265 0.125395
266 0.123334
267 0.123954
268 0.122614
269 0.122784
270 0.119989
271 0.120977
272 0.118465
273 0.119789
274 0.118484
275 0.119351
276 0.117948
277 0.118998
278 0.117235
279 0.11766
280 0.115993
281 0.116698
282 0.114356
283 0.115393
284 0.113221
285 0.114609
286 0.112745
287 0.113406
288 0.111204
289 0.112171
290 0.110471
291 0.111139
292 0.110025
293 0.110993
294 0.107612
295 0.109956
296 0.10808
297 0.109066
298 0.106432
299 0.107291
300 0.106485
301 0.107114
302 0.105086
303 0.105717
304 0.104518
305 0.104993
306 0.103077
307 0.104384
308 0.102391
309 0.103757
310 0.101433
311 0.102914
312 0.101218
313 0.102116
314 0.0989136
315 0.101027
316 0.0991787
317 0.10009
318 0.0981865
319 0.0985111
320 0.0972762
321 0.0983929
322 0.0966476
323 0.0972747
324 0.0957212
325 0.0968346
326 0.0950414
327 0.0962867
328 0.0941572
329 0.0958332
330 0.0933371
331 0.0940424
332 0.0920939
333 0.092523
334 0.0919863
335 0.0925824
336 0.0910069
337 0.0928559
338 0.0908828
339 0.0913582
340 0.0903716
341 0.0900774
342 0.0905897
343 0.0914588
344 0.089587
345 0.0910022
346 0.0894688
347 0.0897513
348 0.0876895
349 0.0884803
350 0.0877668
351 0.0891496
352 0.0881336
353 0.0881925
354 0.0868589
355 0.0884589
356 0.0867625
357 0.0869931
358 0.0856988
359 0.0865548
360 0.0846705
361 0.0866792
362 0.0856028
363 0.0848056
364 0.0837272
365 0.0855648
366 0.084366
367 0.085479
368 0.0839186
369 0.085528
370 0.0846359
371 0.0840922
372 0.0837211
373 0.084612
374 0.0832454
375 0.0835483
376 0.0820761
377 0.0829873
378 0.0820569
379 0.0825099
380 0.0817148
381 0.0821182
382 0.0805348
383 0.0817378
384 0.0792551
385 0.0795596
386 0.0784762
387 0.080368
388 0.0791247
389 0.0800966
390 0.0792747
391 0.0796856
392 0.0778373
393 0.0795019
394 0.0774853
395 0.0784581
396 0.0776221
397 0.0785504
398 0.0776821
399 0.0784664
400 0.0768102
401 0.0780846
402 0.0778731
403 0.077154
404 0.0767716
405 0.0778414
406 0.0765309
407 0.078405
408 0.0758766
409 0.0764265
410 0.0751692
411 0.0750295
412 0.0752882
413 0.076421
414 0.0738085
415 0.0743948
416 0.0733941
417 0.0742223
418 0.0733102
419 0.0749416
420 0.0719157
421 0.0725145
422 0.0709545
423 0.0717428
424 0.0704126
425 0.0719728
426 0.070976
427 0.0706743
428 0.0699735
429 0.0710455
430 0.0702301
431 0.0707243
432 0.0700331
433 0.069527
434 0.0698035
435 0.0695858
436 0.0704475
437 0.0689801
438 0.0683769
439 0.0696959
440 0.0704119
441 0.0704386
442 0.0674101
443 0.0681635
444 0.0668464
445 0.0671817
446 0.0652514
447 0.067277
448 0.0652677
449 0.0655617
450 0.0653531
451 0.0639476
452 0.0632078
453 0.0646596
454 0.0621686
455 0.062826
456 0.0617197
457 0.0623824
458 0.0615827
459 0.0617726
460 0.0606269
461 0.0605804
462 0.0591884
463 0.0585444
464 0.0595202
465 0.0586728
466 0.0579258
467 0.0578781
468 0.0578193
469 0.0569382
470 0.0564362
471 0.0570017
472 0.0556997
473 0.0554097
474 0.0543265
475 0.0537772
476 0.053033
477 0.053155
478 0.0518773
479 0.0515819
480 0.0508188
481 0.0510165
482 0.0501051
483 0.0501136
484 0.0494372
485 0.0495185
486 0.0482716
487 0.0486089
488 0.048208
489 0.0487475
490 0.0476703
491 0.0477843
492 0.0476103
493 0.0480305
494 0.0479613
495 0.0478669
496 0.0469659
497 0.0471705
498 0.0463389
499 0.045848
500 0.045369
501 0.0457692
502 0.0450376
503 0.0451194
504 0.044535
505 0.0447797
506 0.0433717
507 0.0433348
508 0.0430303
509 0.0435845
510 0.043006
511 0.0428138
512 0.0421875
513 0.041916
514 0.0409958
515 0.0407981
516 0.0398794
517 0.0399694
518 0.0396866
519 0.0390464
520 0.0384321
521 0.0373019
522 0.0369509
523 0.0363139
524 0.0358065
525 0.0352867
526 0.0341635
527 0.0340461
528 0.0335108
529 0.0329115
530 0.0324281
531 0.0312636
532 0.0310389
533 0.0315817
534 0.0305877
535 0.0300809
536 0.0307195
537 0.030693
538 0.0301078
539 0.0301199
540 0.0306781
541 0.0293598
542 0.0296453
543 0.0297302
544 0.0290373
545 0.0289678
546 0.0288986
547 0.0286931
548 0.0279775
549 0.0272387
550 0.0263462
551 0.0260949
552 0.0260856
553 0.0258168
554 0.0258173
555 0.0252736
556 0.0255466
557 0.0251728
558 0.0247964
559 0.0243176
560 0.0242286
561 0.0237753
562 0.0242395
563 0.024326
564 0.0247999
565 0.024423
566 0.0243313
567 0.0239121
568 0.0232901
569 0.0231805
570 0.0226589
571 0.0223657
572 0.0214114
573 0.0215982
574 0.0220011
575 0.02249
576 0.023315
577 0.0234741
578 0.0233586
579 0.0229209
580 0.0231805
581 0.0234996
582 0.0230264
583 0.0233111
584 0.0226668
585 0.0227202
586 0.0227632
587 0.0235011
588 0.0228599
589 0.0222489
590 0.0219201
591 0.0215365
592 0.0214543
593 0.0221237
594 0.0235915
595 0.0240847
596 0.0245779
597 0.0265507
598 0.0249067
599 0.0263863
