1 11.867
2 11.867
3 11.6275
4 6.24446
5 3.44295
6 2.2614
7 1.6798
8 1.34705
9 1.14178
10 1
11 0.903741
12 0.828534
13 0.775377
14 0.729197
15 0.696119
16 0.666101
17 0.646241
18 0.623967
19 0.610118
20 0.592927
21 0.582095
22 0.567773
23 0.560291
24 0.548634
25 0.544402
26 0.533413
27 0.52726
28 0.516821
29 0.512171
30 0.501189
31 0.494644
32 0.482836
33 0.478578
34 0.469091
35 0.465295
36 0.458432
37 0.458829
38 0.451292
39 0.449791
40 0.442994
41 0.441247
42 0.432578
43 0.428052
44 0.418457
45 0.415382
46 0.405468
47 0.401889
48 0.393708
49 0.391336
50 0.383512
51 0.381413
52 0.374075
53 0.373048
54 0.366187
55 0.365727
56 0.361691
57 0.362636
58 0.356811
59 0.355947
60 0.350258
61 0.349155
62 0.341069
63 0.338832
64 0.331978
65 0.331115
66 0.325082
67 0.324818
68 0.319563
69 0.32027
70 0.314255
71 0.314181
72 0.309086
73 0.310197
74 0.304879
75 0.305443
76 0.300843
77 0.302191
78 0.297374
79 0.298933
80 0.295478
81 0.297059
82 0.292207
83 0.29258
84 0.28816
85 0.289386
86 0.283721
87 0.284267
88 0.279798
89 0.280964
90 0.276488
91 0.276739
92 0.272835
93 0.273915
94 0.268512
95 0.268518
96 0.264224
97 0.265038
98 0.25995
99 0.261476
100 0.257802
101 0.259562
102 0.255108
103 0.256319
104 0.253007
105 0.254845
106 0.250189
107 0.251629
108 0.248214
109 0.249586
110 0.246098
111 0.247771
112 0.244482
113 0.246102
114 0.241552
115 0.243293
116 0.239505
117 0.241432
118 0.23717
119 0.238401
120 0.234549
121 0.236604
122 0.233063
123 0.23455
124 0.231443
125 0.233643
126 0.229554
127 0.230789
128 0.227111
129 0.228563
130 0.224574
131 0.225327
132 0.221523
133 0.223374
134 0.2196
135 0.220699
136 0.217431
137 0.219514
138 0.215867
139 0.216906
140 0.213835
141 0.216124
142 0.212419
143 0.214117
144 0.210959
145 0.213216
146 0.209548
147 0.211214
148 0.208762
149 0.210195
150 0.206225
151 0.207517
152 0.20404
153 0.206048
154 0.20328
155 0.204601
156 0.201711
157 0.203436
158 0.199954
159 0.200582
160 0.197553
161 0.199208
162 0.195441
163 0.196819
164 0.193727
165 0.195968
166 0.19225
167 0.193934
168 0.190919
169 0.192334
170 0.1888
171 0.190403
172 0.187481
173 0.189809
174 0.186517
175 0.188284
176 0.185059
177 0.187263
178 0.183481
179 0.185081
180 0.182554
181 0.184138
182 0.181234
183 0.182658
184 0.179897
185 0.18163
186 0.177933
187 0.179127
188 0.17618
189 0.177894
190 0.174703
191 0.175964
192 0.173252
193 0.175465
194 0.172144
195 0.173643
196 0.170871
197 0.17278
198 0.169412
199 0.170841
200 0.168405
201 0.170643
202 0.167561
203 0.16874
204 0.166323
205 0.168157
206 0.165008
207 0.166315
208 0.1635
209 0.165174
210 0.16203
211 0.163195
212 0.160956
213 0.162628
214 0.159589
215 0.160522
216 0.158437
217 0.160073
218 0.157385
219 0.15834
220 0.156101
221 0.157697
222 0.155132
223 0.156623
224 0.154602
225 0.156399
226 0.153365
227 0.154416
228 0.151737
229 0.153368
230 0.150055
231 0.151028
232 0.148335
233 0.150135
234 0.147452
235 0.148847
236 0.146662
237 0.148401
238 0.145819
239 0.146427
240 0.144274
241 0.145523
242 0.142811
243 0.143465
244 0.141532
245 0.142931
246 0.140018
247 0.141381
248 0.139472
249 0.141382
250 0.138815
251 0.140264
252 0.138321
253 0.139998
254 0.137467
255 0.138489
256 0.136919
257 0.13834
258 0.136115
259 0.136942
260 0.134103
261 0.134942
262 0.132438
263 0.13287
264 0.130731
265 0.131707
266 0.129158
267 0.130502
268 0.128329
269 0.129385
270 0.126911
271 0.12864
272 0.127323
273 0.128969
274 0.126741
275 0.127864
276 0.125928
277 0.127156
278 0.124518
279 0.126076
280 0.124871
281 0.126273
282 0.124363
283 0.12519
284 0.123321
285 0.1245
286 0.122473
287 0.123401
288 0.121908
289 0.123549
290 0.121591
291 0.122594
292 0.120682
293 0.12159
294 0.119487
295 0.120482
296 0.118985
297 0.120785
298 0.118746
299 0.120117
300 0.118664
301 0.119833
302 0.117772
303 0.119342
304 0.118048
305 0.1202
306 0.119814
307 0.122259
308 0.120476
309 0.122233
310 0.120281
311 0.121447
312 0.118199
313 0.117987
314 0.114859
315 0.115049
316 0.113375
317 0.114262
318 0.112537
319 0.113144
320 0.111263
321 0.112171
322 0.109672
323 0.110434
324 0.1084
325 0.109632
326 0.107548
327 0.10819
328 0.107202
329 0.108047
330 0.106116
331 0.106802
332 0.105064
333 0.106591
334 0.104885
335 0.10565
336 0.104278
337 0.105759
338 0.103868
339 0.104884
340 0.103241
341 0.1039
342 0.102384
343 0.103362
344 0.101742
345 0.102764
346 0.100905
347 0.10119
348 0.0995932
349 0.1006
350 0.0989217
351 0.100041
352 0.0987412
353 0.0999915
354 0.0982155
355 0.0986839
356 0.0978412
357 0.0985208
358 0.0970399
359 0.0975809
360 0.0969269
361 0.097346
362 0.095809
363 0.0964574
364 0.0953193
365 0.09644
366 0.0950436
367 0.0957899
368 0.0946383
369 0.0955392
370 0.0940527
371 0.0952693
372 0.0942483
373 0.0953608
374 0.0933167
375 0.0940446
376 0.0930112
377 0.0935469
378 0.0918105
379 0.0931051
380 0.0920613
381 0.0926206
382 0.0915852
383 0.0921124
384 0.0908834
385 0.0915686
386 0.0898217
387 0.0908968
388 0.0897305
389 0.0903808
390 0.0891891
391 0.0899203
392 0.0885683
393 0.0895983
394 0.088064
395 0.0888252
396 0.0875135
397 0.0880289
398 0.0865981
399 0.0871877
400 0.0861804
401 0.0871501
402 0.0863515
403 0.0869422
404 0.0866807
405 0.0874042
406 0.0865186
407 0.087184
408 0.085915
409 0.086293
410 0.0847349
411 0.0852069
412 0.0843882
413 0.0850604
414 0.0841264
415 0.0850023
416 0.0842843
417 0.0848928
418 0.0839936
419 0.0846393
420 0.0839516
421 0.0847188
422 0.0841185
423 0.0850085
424 0.0843792
425 0.0846517
426 0.0831544
427 0.0838827
428 0.0831077
429 0.08365
430 0.0822403
431 0.0826185
432 0.0813562
433 0.0815906
434 0.080717
435 0.0812236
436 0.0799966
437 0.0809121
438 0.07953
439 0.0792814
440 0.0778824
441 0.077919
442 0.0762233
443 0.0768234
444 0.0760272
445 0.0766088
446 0.0752585
447 0.076083
448 0.0749173
449 0.0751544
450 0.0740111
451 0.0739585
452 0.0721248
453 0.0727334
454 0.07186
455 0.0723647
456 0.0712287
457 0.0718598
458 0.0712122
459 0.0714854
460 0.0706153
461 0.0714076
462 0.0701172
463 0.0706609
464 0.0701088
465 0.0701186
466 0.0695178
467 0.0702767
468 0.0695639
469 0.0694438
470 0.0681072
471 0.0678582
472 0.0664026
473 0.0666023
474 0.064757
475 0.063834
476 0.0625959
477 0.0623414
478 0.0615345
479 0.0619707
480 0.0612227
481 0.0611962
482 0.0606529
483 0.0605989
484 0.0598451
485 0.0597742
486 0.0597557
487 0.0596042
488 0.0582408
489 0.0583591
490 0.0579498
491 0.0578424
492 0.0575788
493 0.057873
494 0.0574598
495 0.0575047
496 0.0565894
497 0.0570481
498 0.0560988
499 0.0557742
500 0.055356
501 0.0557448
502 0.0548496
503 0.0550423
504 0.0538071
505 0.0535819
506 0.0531573
507 0.0532989
508 0.0524423
509 0.0519465
510 0.0516086
511 0.0519339
512 0.0513137
513 0.0513762
514 0.0501324
515 0.0503427
516 0.0491725
517 0.0494289
518 0.0495465
519 0.0491218
520 0.0479256
521 0.0481893
522 0.0472986
523 0.0472089
524 0.0465406
525 0.0461838
526 0.0448149
527 0.0443441
528 0.0436705
529 0.0430543
530 0.0426414
531 0.0424194
532 0.0420917
533 0.0421783
534 0.0408759
535 0.040774
536 0.0405712
537 0.0406249
538 0.0398819
539 0.0396579
540 0.0391622
541 0.0389263
542 0.0381087
543 0.0375578
544 0.0366754
545 0.0365473
546 0.0359012
547 0.0350459
548 0.0346749
549 0.0351306
550 0.0344166
551 0.0346865
552 0.034254
553 0.0334401
554 0.0322411
555 0.0317905
556 0.031342
557 0.0308294
558 0.0300442
559 0.029434
560 0.0287593
561 0.0283217
562 0.0284293
563 0.0280843
564 0.0281185
565 0.0282671
566 0.0276534
567 0.0280854
568 0.0274617
569 0.0279243
570 0.0279845
571 0.0280578
572 0.0278347
573 0.0275054
574 0.0276039
575 0.0274337
576 0.0278153
577 0.0282193
578 0.0274027
579 0.0280137
580 0.0272164
581 0.0274789
582 0.0278942
583 0.0272687
584 0.0267193
585 0.0270188
586 0.0272375
587 0.026806
588 0.0264466
589 0.0270323
590 0.0267965
591 0.0275511
592 0.0263026
593 0.0264966
594 0.0271258
595 0.0284018
596 0.0276609
597 0.0285665
598 0.0288958
599 0.0293897
