1 8.99033
2 8.99033
3 8.6224
4 5.48148
5 3.51345
6 2.48102
7 1.87547
8 1.47793
9 1.20039
10 1
11 0.84681
12 0.728274
13 0.632922
14 0.55561
15 0.490676
16 0.438764
17 0.392127
18 0.354784
19 0.321241
20 0.294125
21 0.270298
22 0.248762
23 0.229486
24 0.212329
25 0.198321
26 0.185283
27 0.172777
28 0.161961
29 0.153097
30 0.142752
31 0.134285
32 0.126242
33 0.119145
34 0.113027
35 0.106694
36 0.101545
37 0.0967861
38 0.0926626
39 0.0887957
40 0.085157
41 0.0813124
42 0.0780778
43 0.0747705
44 0.0715008
45 0.0687808
46 0.0657648
47 0.063001
48 0.0604952
49 0.0583659
50 0.056815
51 0.0550784
52 0.0529764
53 0.0509134
54 0.0485097
55 0.0466003
56 0.0451117
57 0.0438043
58 0.0430569
59 0.0416653
60 0.0406127
61 0.0398893
62 0.0389229
63 0.0377364
64 0.0366704
65 0.0354096
66 0.0341022
67 0.0333281
68 0.032495
69 0.0316848
70 0.0311705
71 0.0301388
72 0.0295373
73 0.0290811
74 0.028648
75 0.0280427
76 0.0274495
77 0.0269189
78 0.026549
79 0.02589
80 0.0254376
81 0.0248069
82 0.0244018
83 0.0238312
84 0.0232085
85 0.0229444
86 0.0222505
87 0.0215225
88 0.0213354
89 0.0206784
90 0.0205229
91 0.0201041
92 0.0198103
93 0.0194529
94 0.0190459
95 0.018927
96 0.018235
97 0.0182129
98 0.0180893
99 0.0181055
100 0.0177151
101 0.0173904
102 0.0170083
103 0.0165895
104 0.0167088
105 0.0169029
106 0.0165423
107 0.0162592
108 0.0162411
109 0.0159762
110 0.0157622
111 0.0153931
112 0.0151862
113 0.0149626
114 0.0146591
115 0.0144303
116 0.0143086
117 0.0143414
118 0.0143748
119 0.0139855
120 0.0139624
121 0.0138212
122 0.013313
123 0.0129529
124 0.0125867
125 0.0123914
126 0.0126395
127 0.0123994
128 0.0123111
129 0.0125403
130 0.0123564
131 0.0123321
132 0.0120811
133 0.0118326
134 0.0116083
135 0.0112689
136 0.0114444
137 0.0116058
138 0.0114876
139 0.0111981
140 0.01119
141 0.0112068
142 0.0113299
143 0.010888
144 0.0109553
145 0.010878
146 0.0108635
147 0.0105985
148 0.0105598
149 0.010252
150 0.0100225
151 0.00989942
152 0.00993394
153 0.00964432
154 0.0089529
155 0.00916432
156 0.0087501
157 0.00840961
158 0.00838107
159 0.00850623
160 0.00844696
161 0.00844696
162 0.00838614
163 0.00843449
164 0.00836161
165 0.00859514
166 0.00840766
167 0.00828852
168 0.00820567
169 0.00796865
170 0.00797216
171 0.00803457
172 0.00811498
173 0.00814141
174 0.00774571
175 0.00797729
176 0.00763554
177 0.00731324
178 0.00721719
179 0.00710595
180 0.00745837
181 0.00728534
182 0.00728341
183 0.0075552
184 0.00745933
185 0.00727489
186 0.007177
187 0.00743407
188 0.00702475
189 0.00705852
190 0.00696206
191 0.00703236
192 0.00682634
193 0.0065844
194 0.00645889
195 0.00650432
196 0.00678651
197 0.00661538
198 0.00667245
199 0.00656387
200 0.00676478
201 0.00696619
202 0.00665981
203 0.00675534
204 0.00689626
205 0.00667399
206 0.00653757
207 0.00644952
208 0.00644219
209 0.00632324
210 0.006268
211 0.00632765
212 0.00646589
213 0.00652626
214 0.00653929
215 0.00652765
216 0.00653322
217 0.00646301
218 0.00664072
219 0.00641118
220 0.00630994
221 0.00609128
222 0.00593047
223 0.00591306
224 0.005816
225 0.00593493
226 0.00595774
227 0.00588458
228 0.00570793
229 0.00601832
230 0.00577995
231 0.00574181
232 0.00566364
233 0.00576666
234 0.00586878
235 0.00570343
236 0.00564028
237 0.00564028
238 0.00552427
239 0.00552354
240 0.00523732
241 0.00523501
242 0.00532485
243 0.00530234
244 0.00524243
245 0.00500601
246 0.00479324
247 0.00469885
248 0.0045765
249 0.00483076
250 0.00469342
251 0.00466816
252 0.00479825
253 0.00468511
254 0.00474809
255 0.00487514
256 0.00465855
257 0.00484198
258 0.00466667
259 0.00480015
260 0.00486188
261 0.00474887
262 0.00469373
263 0.00454423
264 0.00469406
265 0.00512618
266 0.00487138
267 0.0049695
268 0.00485357
269 0.00492139
270 0.00485724
271 0.00519297
272 0.00507485
273 0.00507944
274 0.00477568
275 0.00477525
276 0.00470941
277 0.00475743
278 0.00444701
279 0.00453682
280 0.00437576
281 0.00435227
282 0.00456416
283 0.00426957
284 0.0043059
285 0.0042039
286 0.00400208
287 0.00396455
288 0.00393184
289 0.00386815
290 0.00369446
291 0.00388951
292 0.00383787
293 0.00386246
294 0.00389052
295 0.00403014
296 0.00397672
297 0.00390076
298 0.00389074
299 0.00359613
300 0.00404121
301 0.00384372
302 0.00384982
303 0.0039503
304 0.00404026
305 0.00403086
306 0.00416081
307 0.00408032
308 0.00386361
309 0.00377906
310 0.00373124
311 0.00334855
312 0.00319239
313 0.00292849
314 0.00314798
315 0.00307191
316 0.00320167
317 0.00313077
318 0.00317245
319 0.00289613
320 0.00311667
321 0.00299866
322 0.0030858
323 0.00300563
324 0.00315606
325 0.00303865
326 0.0028069
327 0.0028255
328 0.0029187
329 0.00306186
330 0.00301951
331 0.00295838
332 0.0028255
333 0.00278364
334 0.00286433
335 0.00285986
336 0.00283946
337 0.00283692
338 0.00300825
339 0.00303757
340 0.00300825
341 0.00298651
342 0.00297967
343 0.00300218
344 0.00289188
345 0.00286477
346 0.00289952
347 0.00286587
348 0.00309209
349 0.00300431
350 0.00277883
351 0.00288818
352 0.00278726
353 0.00270326
354 0.0027996
355 0.00263908
356 0.00254084
357 0.00254744
358 0.00226983
359 0.00244296
360 0.00226096
361 0.00224174
362 0.00208562
363 0.00234857
364 0.00220396
365 0.00231716
366 0.00241373
367 0.00237268
368 0.0024168
369 0.00276361
370 0.00262909
371 0.00255379
372 0.00213285
373 0.00229484
374 0.00219276
375 0.00228243
376 0.00230091
377 0.00231779
378 0.00239139
379 0.00224758
380 0.00238661
381 0.00245514
382 0.00243164
383 0.00276271
384 0.00244275
385 0.00244754
386 0.00247335
387 0.00236365
388 0.00208041
389 0.00201527
390 0.00181512
391 0.00199438
392 0.00181734
393 0.0016755
394 0.00199682
395 0.00188073
396 0.00209669
397 0.00191214
398 0.00219363
399 0.0021199
400 0.00199235
401 0.00202054
402 0.00200665
403 0.00195882
404 0.00172791
405 0.0018856
406 0.00187831
407 0.00200386
408 0.00178551
409 0.00192779
410 0.00208275
411 0.0023851
412 0.00230883
413 0.00225337
414 0.00202404
415 0.00227694
416 0.00217281
417 0.00214899
418 0.00226076
419 0.00204164
420 0.00223525
421 0.00212899
422 0.00211686
423 0.00206625
424 0.00191942
425 0.00194627
426 0.0016905
427 0.00201981
428 0.00166323
429 0.00188325
430 0.00176012
431 0.00154924
432 0.00155814
433 0.00145743
434 0.00148601
435 0.00154545
436 0.00131935
437 0.00101048
438 0.00118564
439 0.00136913
440 0.00120145
441 0.00123834
442 0.00127372
443 0.0010451
444 0.00094564
445 0.000901621
446 0.00117961
447 0.00106143
448 0.0010011
449 0.000780153
450 0.000834834
451 0.000760282
452 0.000827648
453 0.000878094
454 0.000760282
455 0.00081838
456 0.000914465
457 0.00115578
458 0.0011845
459 0.0012979
460 0.00109924
461 0.00121929
462 0.00115578
463 0.000891603
464 0.000977099
465 0.000771951
466 0.000868445
467 0.000812349
468 0.00087728
469 0.000969134
470 0.000703897
471 0.000917827
472 0.00100462
473 0.000931901
474 0.00103062
475 0.00108073
476 0.00099841
477 0.00101426
478 0.00110861
479 0.000949392
480 0.00106807
481 0.000766221
482 0.00105163
483 0.00104894
484 0.00112649
485 0.00131823
486 0.00120895
487 0.00112731
488 0.000947969
489 0.0011145
490 0.00134884
491 0.00112059
492 0.00121082
493 0.00109348
494 0.00100836
495 0.00107323
496 0.00120563
497 0.00100936
498 0.00114308
499 0.00138856
500 0.00172377
501 0.0013717
502 0.00151208
503 0.00163764
504 0.00173787
505 0.00203961
506 0.00210517
507 0.00222901
508 0.00176638
509 0.00148601
510 0.00145899
511 0.00154004
512 0.00126586
513 0.00123834
514 0.00130768
515 0.00163764
516 0.00160031
517 0.00145743
518 0.00114828
519 0.00107498
520 0.00142277
521 0.00130025
522 0.00103675
523 0.00114042
524 0.00122183
525 0.00173971
526 0.00135392
527 0.00128337
528 0.00148601
529 0.00159474
530 0.00144473
531 0.00113066
532 0.00110586
533 0.000911867
534 0.00130025
535 0.00110586
536 0.00106143
537 0.000874121
538 0.00126747
539 0.00148601
540 0.00166613
541 0.00152846
542 0.00135489
543 0.00195304
544 0.0021853
545 0.00185751
546 0.00179195
547 0.0020133
548 0.00166613
549 0.00205755
550 0.00191058
551 0.00239678
552 0.00217947
553 0.00201672
554 0.00219929
555 0.00217185
556 0.00255923
557 0.00201672
558 0.00188608
559 0.00169097
560 0.00208041
561 0.00213985
562 0.00297201
563 0.00273738
564 0.00282341
565 0.00232592
566 0.00193827
567 0.00193181
568 0.00148601
569 0.00163461
570 0.0020639
571 0.00203348
572 0.00226811
573 0.0028069
574 0.00244754
575 0.00254744
576 0.00201048
577 0.00160031
578 0.00192307
579 0.00191058
580 0.00260051
581 0.00222901
582 0.00251478
583 0.00270183
584 0.00297201
585 0.00330223
586 0.00430941
587 0.00360887
588 0.00445802
589 0.00386361
590 0.00445802
591 0.00297201
592 0.00382116
593 0.00470568
594 0.00520102
595 0.00544869
596 0.00445802
597 0.00346735
598 0.00297201
599 0
