1 3.74202
2 3.74202
3 3.63187
4 2.66346
5 2.01525
6 1.64845
7 1.4131
8 1.24203
9 1.10801
10 1
11 0.912736
12 0.840456
13 0.778961
14 0.727591
15 0.683065
16 0.644014
17 0.608689
18 0.57742
19 0.551911
20 0.526463
21 0.505369
22 0.485614
23 0.46777
24 0.450807
25 0.434734
26 0.420687
27 0.407459
28 0.396073
29 0.385878
30 0.373865
31 0.365087
32 0.355304
33 0.345723
34 0.337582
35 0.330246
36 0.321543
37 0.314715
38 0.307151
39 0.300236
40 0.293441
41 0.286211
42 0.280153
43 0.274919
44 0.268479
45 0.263336
46 0.258419
47 0.254609
48 0.24991
49 0.245869
50 0.241635
51 0.236827
52 0.232385
53 0.229206
54 0.22541
55 0.221347
56 0.218675
57 0.215878
58 0.21324
59 0.209815
60 0.207445
61 0.205418
62 0.203612
63 0.201514
64 0.198915
65 0.196742
66 0.193568
67 0.191744
68 0.188907
69 0.186026
70 0.186807
71 0.182345
72 0.182284
73 0.182203
74 0.181078
75 0.179597
76 0.177434
77 0.177969
78 0.175904
79 0.174531
80 0.17635
81 0.174932
82 0.173565
83 0.173053
84 0.172787
85 0.172747
86 0.171266
87 0.171682
88 0.171238
89 0.169847
90 0.170568
91 0.168199
92 0.168097
93 0.169276
94 0.168212
95 0.168548
96 0.16698
97 0.166131
98 0.16621
99 0.167445
100 0.165494
101 0.165816
102 0.165667
103 0.164685
104 0.166123
105 0.167812
106 0.164346
107 0.164132
108 0.165164
109 0.162693
110 0.161659
111 0.159452
112 0.160983
113 0.161059
114 0.159292
115 0.158079
116 0.158883
117 0.157266
118 0.158999
119 0.155662
120 0.156893
121 0.15692
122 0.157161
123 0.156517
124 0.155892
125 0.154444
126 0.155352
127 0.154785
128 0.153192
129 0.15542
130 0.153997
131 0.153536
132 0.151588
133 0.15113
134 0.149511
135 0.147442
136 0.151481
137 0.151856
138 0.150498
139 0.148138
140 0.151408
141 0.149978
142 0.149515
143 0.147822
144 0.146931
145 0.148892
146 0.147987
147 0.146747
148 0.149208
149 0.147172
150 0.14486
151 0.147125
152 0.147504
153 0.147103
154 0.146731
155 0.14671
156 0.145229
157 0.145434
158 0.144957
159 0.145732
160 0.144261
161 0.144983
162 0.146734
163 0.143776
164 0.140915
165 0.142636
166 0.142732
167 0.143138
168 0.140266
169 0.138255
170 0.139889
171 0.138996
172 0.140013
173 0.140543
174 0.136277
175 0.141022
176 0.137936
177 0.136243
178 0.134191
179 0.13307
180 0.134948
181 0.132376
182 0.132996
183 0.13402
184 0.136171
185 0.134293
186 0.131288
187 0.133355
188 0.130222
189 0.129739
190 0.129292
191 0.1297
192 0.130783
193 0.126136
194 0.127127
195 0.124717
196 0.127139
197 0.125615
198 0.12533
199 0.123515
200 0.126053
201 0.126735
202 0.124581
203 0.124098
204 0.123854
205 0.122361
206 0.122031
207 0.121817
208 0.12155
209 0.120282
210 0.121157
211 0.120956
212 0.120727
213 0.119072
214 0.118189
215 0.118208
216 0.118445
217 0.115175
218 0.115301
219 0.116122
220 0.113579
221 0.113956
222 0.113658
223 0.112077
224 0.114091
225 0.1127
226 0.112954
227 0.114129
228 0.111907
229 0.115647
230 0.113963
231 0.113188
232 0.11216
233 0.113159
234 0.1131
235 0.111969
236 0.110551
237 0.108911
238 0.109534
239 0.110408
240 0.106621
241 0.111107
242 0.108879
243 0.109216
244 0.109435
245 0.108357
246 0.108095
247 0.106406
248 0.10479
249 0.108913
250 0.103945
251 0.105092
252 0.106331
253 0.103395
254 0.104608
255 0.109148
256 0.106727
257 0.1067
258 0.102131
259 0.102096
260 0.1021
261 0.101082
262 0.0993807
263 0.0991674
264 0.100896
265 0.100545
266 0.0993655
267 0.100408
268 0.0989248
269 0.100299
270 0.0999019
271 0.100747
272 0.100195
273 0.0963626
274 0.0972146
275 0.0955388
276 0.0972884
277 0.0944899
278 0.0939687
279 0.094879
280 0.0932522
281 0.091237
282 0.0926031
283 0.0908323
284 0.0916232
285 0.0901194
286 0.092747
287 0.0909803
288 0.0912227
289 0.0885446
290 0.0894991
291 0.0934756
292 0.0917718
293 0.0881085
294 0.0880363
295 0.0906909
296 0.0887083
297 0.0875708
298 0.0901032
299 0.0848778
300 0.0874622
301 0.0852408
302 0.0831135
303 0.0860021
304 0.0860334
305 0.0817043
306 0.0866756
307 0.0850331
308 0.0836184
309 0.0859365
310 0.0821871
311 0.0832198
312 0.0815682
313 0.0804925
314 0.0849755
315 0.079734
316 0.082153
317 0.078734
318 0.0826252
319 0.0762618
320 0.0812008
321 0.0801187
322 0.0782785
323 0.0785796
324 0.0775472
325 0.0775836
326 0.0786518
327 0.0761937
328 0.0725106
329 0.0733906
330 0.0743971
331 0.0720231
332 0.0707432
333 0.0732927
334 0.0697698
335 0.0716604
336 0.0687308
337 0.0701985
338 0.0706497
339 0.068337
340 0.0695062
341 0.0730905
342 0.0673896
343 0.0685015
344 0.0673061
345 0.0646764
346 0.0649412
347 0.0649118
348 0.0640196
349 0.065156
350 0.0599621
351 0.0622608
352 0.0612231
353 0.0644474
354 0.0647392
355 0.0615914
356 0.0613613
357 0.0634931
358 0.0600403
359 0.0615505
360 0.0588222
361 0.0619753
362 0.0598044
363 0.0590968
364 0.0567819
365 0.0567043
366 0.0561175
367 0.0560184
368 0.0533419
369 0.0588081
370 0.0540195
371 0.0533331
372 0.0520645
373 0.0532159
374 0.0524419
375 0.0536896
376 0.0519035
377 0.0514925
378 0.0508289
379 0.0515185
380 0.0523302
381 0.0477679
382 0.0474731
383 0.0525434
384 0.0483375
385 0.0470598
386 0.0467333
387 0.0461148
388 0.0491273
389 0.0484646
390 0.0490787
391 0.0441344
392 0.0478431
393 0.047962
394 0.0528542
395 0.0453595
396 0.0482951
397 0.044565
398 0.0482394
399 0.045143
400 0.0415689
401 0.0453964
402 0.0448853
403 0.0424246
404 0.0400166
405 0.0456611
406 0.0401244
407 0.0415203
408 0.037624
409 0.0440261
410 0.0395753
411 0.0443773
412 0.0387621
413 0.0372428
414 0.0355967
415 0.0369564
416 0.037584
417 0.0336711
418 0.0360114
419 0.0364656
420 0.0325839
421 0.0371288
422 0.0326355
423 0.0299833
424 0.0313897
425 0.0312816
426 0.0311698
427 0.0291844
428 0.0261025
429 0.0258797
430 0.0273709
431 0.0263791
432 0.0288661
433 0.021767
434 0.0247598
435 0.0240479
436 0.0223764
437 0.0171329
438 0.0222008
439 0.0211199
440 0.0159761
441 0.0161072
442 0.0206393
443 0.0182768
444 0.0158776
445 0.0152058
446 0.0164895
447 0.0175614
448 0.0159252
449 0.0133986
450 0.014622
451 0.0129745
452 0.0105461
453 0.0112036
454 0.00941439
455 0.0142528
456 0.0134646
457 0.0109806
458 0.0170406
459 0.0138892
460 0.015751
461 0.0158911
462 0.0113137
463 0.0132285
464 0.0131752
465 0.0124989
466 0.0143946
467 0.0122384
468 0.0126908
469 0.0116891
470 0.0115239
471 0.0069674
472 0.0108807
473 0.00907856
474 0.00873904
475 0.011705
476 0.0087752
477 0.0132343
478 0.0132637
479 0.0129631
480 0.0175214
481 0.0115102
482 0.0128651
483 0.0176823
484 0.0193835
485 0.0140064
486 0.0114478
487 0.0159001
488 0.016348
489 0.0174344
490 0.0195071
491 0.0192855
492 0.0184295
493 0.0258843
494 0.0178928
495 0.0246834
496 0.0238304
497 0.0221265
498 0.0236345
499 0.0190422
500 0.0217347
501 0.0248596
502 0.0249143
503 0.0259272
504 0.0255164
505 0.0313624
506 0.026622
507 0.0337828
508 0.0286852
509 0.0313861
510 0.0344682
511 0.0336136
512 0.0346255
513 0.031699
514 0.0327566
515 0.0357099
516 0.0393353
517 0.0392996
518 0.0412719
519 0.0384665
520 0.0446648
521 0.0441208
522 0.0493375
523 0.0507903
524 0.0496325
525 0.0571298
526 0.0586491
527 0.05457
528 0.0627376
529 0.0546256
530 0.0626248
531 0.0599154
532 0.0602838
533 0.0631871
534 0.0660266
535 0.0620674
536 0.06657
537 0.0673273
538 0.0704745
539 0.0660094
540 0.0691051
541 0.0661813
542 0.0673637
543 0.069857
544 0.071948
545 0.0695638
546 0.0696377
547 0.070451
548 0.0731536
549 0.0712007
550 0.0733825
551 0.0729051
552 0.0725107
553 0.0718583
554 0.0725891
555 0.0709866
556 0.0708545
557 0.0680368
558 0.069821
559 0.0709588
560 0.0693357
561 0.0702387
562 0.0703305
563 0.0705109
564 0.0738818
565 0.0710487
566 0.0706184
567 0.0695522
568 0.0706483
569 0.070047
570 0.0691364
571 0.069046
572 0.0689157
573 0.0678994
574 0.0682915
575 0.0678601
576 0.0657083
577 0.0669901
578 0.0686917
579 0.0664463
580 0.0669029
581 0.0656787
582 0.0646587
583 0.0657314
584 0.0623577
585 0.0638446
586 0.0636453
587 0.06194
588 0.0621953
589 0.0617279
590 0.0605262
591 0.0621609
592 0.0630887
593 0.0625732
594 0.057522
595 0.0566973
596 0.0566973
597 0.0548418
598 0.0547387
599 0.0519554
