1 4.10662
2 4.10662
3 3.98071
4 2.87666
5 2.13072
6 1.71389
7 1.448
8 1.25753
9 1.11424
10 1
11 0.906738
12 0.829284
13 0.764762
14 0.711066
15 0.665179
16 0.624887
17 0.589378
18 0.557579
19 0.529346
20 0.503501
21 0.480663
22 0.460722
23 0.442517
24 0.426584
25 0.410461
26 0.396836
27 0.383821
28 0.372043
29 0.362451
30 0.349302
31 0.339008
32 0.328922
33 0.319929
34 0.312295
35 0.303874
36 0.295458
37 0.290493
38 0.283748
39 0.277162
40 0.271188
41 0.265921
42 0.260117
43 0.255017
44 0.249797
45 0.245832
46 0.240959
47 0.236802
48 0.232797
49 0.229586
50 0.225488
51 0.220999
52 0.217444
53 0.213816
54 0.209737
55 0.205538
56 0.202846
57 0.200322
58 0.197672
59 0.194981
60 0.192555
61 0.190893
62 0.189034
63 0.187296
64 0.185278
65 0.183035
66 0.180834
67 0.17951
68 0.177663
69 0.174925
70 0.175312
71 0.171385
72 0.17031
73 0.170423
74 0.169284
75 0.167026
76 0.165531
77 0.165319
78 0.163467
79 0.162105
80 0.163912
81 0.16287
82 0.161477
83 0.161369
84 0.161169
85 0.160957
86 0.159451
87 0.159949
88 0.159454
89 0.158224
90 0.158531
91 0.156786
92 0.156744
93 0.156651
94 0.156354
95 0.156235
96 0.153728
97 0.152517
98 0.152253
99 0.153008
100 0.151314
101 0.150237
102 0.149332
103 0.148236
104 0.149285
105 0.149999
106 0.146856
107 0.147667
108 0.150169
109 0.148543
110 0.147863
111 0.146091
112 0.147688
113 0.14772
114 0.146147
115 0.144541
116 0.145441
117 0.144582
118 0.146459
119 0.142864
120 0.144126
121 0.143766
122 0.143892
123 0.143365
124 0.142496
125 0.141052
126 0.14271
127 0.141934
128 0.141109
129 0.14288
130 0.142364
131 0.142069
132 0.140454
133 0.139688
134 0.137669
135 0.136463
136 0.139552
137 0.1396
138 0.139179
139 0.136816
140 0.13974
141 0.137891
142 0.137562
143 0.135989
144 0.13575
145 0.136904
146 0.136126
147 0.1352
148 0.136991
149 0.136141
150 0.133594
151 0.135546
152 0.135062
153 0.135339
154 0.135
155 0.135099
156 0.134179
157 0.134204
158 0.134563
159 0.135469
160 0.134193
161 0.13433
162 0.135647
163 0.132563
164 0.129954
165 0.131305
166 0.131287
167 0.131543
168 0.129386
169 0.127789
170 0.128958
171 0.127917
172 0.128376
173 0.128842
174 0.124867
175 0.129151
176 0.126152
177 0.125736
178 0.124381
179 0.123733
180 0.126569
181 0.124004
182 0.12531
183 0.125986
184 0.127393
185 0.125593
186 0.123261
187 0.125756
188 0.122042
189 0.122309
190 0.121678
191 0.12362
192 0.123904
193 0.119777
194 0.12054
195 0.11805
196 0.120202
197 0.118478
198 0.118602
199 0.116902
200 0.119221
201 0.119518
202 0.118347
203 0.118287
204 0.118231
205 0.117542
206 0.116657
207 0.116915
208 0.116581
209 0.114857
210 0.115929
211 0.115892
212 0.114768
213 0.11345
214 0.111653
215 0.112169
216 0.112493
217 0.108651
218 0.108673
219 0.109422
220 0.107168
221 0.107467
222 0.106944
223 0.106078
224 0.108195
225 0.106618
226 0.10703
227 0.108473
228 0.105934
229 0.108976
230 0.108003
231 0.106962
232 0.105348
233 0.106794
234 0.106064
235 0.105146
236 0.105187
237 0.103625
238 0.104362
239 0.105357
240 0.101678
241 0.105938
242 0.103597
243 0.104153
244 0.103201
245 0.102424
246 0.101924
247 0.101059
248 0.0988065
249 0.102571
250 0.0980042
251 0.0999384
252 0.100448
253 0.0978165
254 0.0989345
255 0.103656
256 0.101213
257 0.101826
258 0.0983882
259 0.0986214
260 0.0978602
261 0.0976453
262 0.096045
263 0.0954323
264 0.0978864
265 0.0970191
266 0.0962434
267 0.0970778
268 0.0956933
269 0.0966811
270 0.0965868
271 0.0974674
272 0.0963099
273 0.093252
274 0.0935142
275 0.0921895
276 0.0944678
277 0.0920963
278 0.0917157
279 0.0935508
280 0.0917856
281 0.0899778
282 0.0910509
283 0.0897785
284 0.0906759
285 0.0887965
286 0.0901852
287 0.0887229
288 0.0892979
289 0.0856247
290 0.0869402
291 0.0908074
292 0.0889175
293 0.0855342
294 0.0854434
295 0.0881173
296 0.0867299
297 0.0850304
298 0.0882639
299 0.0838266
300 0.0870853
301 0.085072
302 0.0829372
303 0.0847287
304 0.0841851
305 0.078766
306 0.0837365
307 0.0815837
308 0.0807859
309 0.0831974
310 0.0796485
311 0.0807072
312 0.0786177
313 0.0779915
314 0.0823408
315 0.0769531
316 0.0786027
317 0.0746339
318 0.0785775
319 0.0723435
320 0.0762726
321 0.0753141
322 0.0733082
323 0.0730564
324 0.0716269
325 0.0724925
326 0.0737639
327 0.0717945
328 0.0679237
329 0.0691314
330 0.0704288
331 0.0683015
332 0.0674765
333 0.0699813
334 0.0667533
335 0.0678748
336 0.064567
337 0.0662496
338 0.0660602
339 0.0642013
340 0.0649212
341 0.0685237
342 0.0633855
343 0.0640672
344 0.0631898
345 0.0614261
346 0.0606465
347 0.0606635
348 0.0602366
349 0.0605664
350 0.0569089
351 0.0592279
352 0.0584375
353 0.0609494
354 0.0622903
355 0.0590909
356 0.0588956
357 0.061176
358 0.0572972
359 0.0583822
360 0.0555687
361 0.0595697
362 0.0574303
363 0.0570682
364 0.0545388
365 0.0554184
366 0.0552849
367 0.0558625
368 0.0527845
369 0.0581185
370 0.0535995
371 0.0527538
372 0.0509644
373 0.0524293
374 0.051103
375 0.0526831
376 0.0502954
377 0.0495979
378 0.0494655
379 0.0502594
380 0.0498595
381 0.0458914
382 0.0462496
383 0.0513339
384 0.0465011
385 0.0465563
386 0.0449863
387 0.0439294
388 0.0467422
389 0.0447483
390 0.0454691
391 0.0401775
392 0.0431438
393 0.0435649
394 0.048257
395 0.04157
396 0.0440603
397 0.0402427
398 0.0426177
399 0.0394072
400 0.0363223
401 0.0400627
402 0.0389184
403 0.0377546
404 0.0349493
405 0.0396316
406 0.0352585
407 0.0362222
408 0.0323183
409 0.0379444
410 0.0335542
411 0.0380744
412 0.0327385
413 0.0310848
414 0.0307148
415 0.0320121
416 0.0325358
417 0.028655
418 0.0302666
419 0.0311176
420 0.0270999
421 0.0312435
422 0.027068
423 0.0253799
424 0.026529
425 0.0262982
426 0.0255944
427 0.0241461
428 0.021721
429 0.0214253
430 0.022861
431 0.0207172
432 0.0226502
433 0.0166823
434 0.0194257
435 0.0188158
436 0.0172169
437 0.0126592
438 0.016854
439 0.0153908
440 0.0109616
441 0.0106059
442 0.0132281
443 0.0115318
444 0.00956463
445 0.00937326
446 0.00976883
447 0.01061
448 0.00946719
449 0.007789
450 0.00842755
451 0.00793225
452 0.00610902
453 0.0065024
454 0.00528817
455 0.00758463
456 0.00732734
457 0.00608388
458 0.0094439
459 0.00746658
460 0.00820115
461 0.00804963
462 0.00546795
463 0.00620235
464 0.00580217
465 0.00538616
466 0.00602087
467 0.00507727
468 0.00514401
469 0.00465309
470 0.00452818
471 0.00286485
472 0.00440729
473 0.00367001
474 0.00358002
475 0.00468975
476 0.00363784
477 0.00535482
478 0.0056996
479 0.00547738
480 0.00780597
481 0.00534539
482 0.00651629
483 0.00919348
484 0.0101379
485 0.00770744
486 0.00674178
487 0.0094327
488 0.0102051
489 0.0105777
490 0.0118212
491 0.0111498
492 0.0110365
493 0.016073
494 0.0112362
495 0.0155365
496 0.0152533
497 0.0147026
498 0.0154292
499 0.013698
500 0.0150825
501 0.0169695
502 0.018077
503 0.0187288
504 0.0179589
505 0.0220537
506 0.0192038
507 0.0238866
508 0.0205043
509 0.0212474
510 0.0249297
511 0.0245965
512 0.0244864
513 0.0234321
514 0.0238931
515 0.0267633
516 0.0286001
517 0.0284696
518 0.0316867
519 0.028942
520 0.0327981
521 0.0331471
522 0.0366383
523 0.03858
524 0.0366089
525 0.0411076
526 0.0428838
527 0.0394927
528 0.0447995
529 0.0387236
530 0.0458554
531 0.0432206
532 0.0461728
533 0.045648
534 0.0502509
535 0.0438681
536 0.0479607
537 0.047854
538 0.0530846
539 0.0504937
540 0.0516078
541 0.047437
542 0.0498903
543 0.0495315
544 0.0509085
545 0.0512267
546 0.0494511
547 0.0509085
548 0.0488927
549 0.0511435
550 0.0519994
551 0.0516749
552 0.0523792
553 0.0534782
554 0.0536779
555 0.0517439
556 0.0514741
557 0.0521691
558 0.0518483
559 0.0511192
560 0.0503994
561 0.0515601
562 0.0504277
563 0.0507656
564 0.051723
565 0.052148
566 0.0527383
567 0.0519606
568 0.0544532
569 0.0511121
570 0.0526809
571 0.052409
572 0.0531592
573 0.0524169
574 0.0525056
575 0.0517327
576 0.0494312
577 0.0521616
578 0.0526254
579 0.0517812
580 0.0493247
581 0.0512055
582 0.0499164
583 0.0496126
584 0.051217
585 0.0525677
586 0.05342
587 0.0534297
588 0.053699
589 0.0528091
590 0.0508115
591 0.0544155
592 0.0544963
593 0.054868
594 0.0551509
595 0.0567913
596 0.0595064
597 0.0635791
598 0.0638053
599 0.0631265
