1 5.25573
2 5.25573
3 5.08056
4 3.51897
5 2.48625
6 1.9154
7 1.56202
8 1.31857
9 1.1383
10 1
11 0.888846
12 0.799432
13 0.725689
14 0.663374
15 0.610296
16 0.565045
17 0.524808
18 0.489965
19 0.459644
20 0.431531
21 0.408498
22 0.386858
23 0.367393
24 0.350006
25 0.333602
26 0.319103
27 0.305311
28 0.293153
29 0.28308
30 0.271092
31 0.261082
32 0.25257
33 0.243916
34 0.236829
35 0.22857
36 0.220586
37 0.214674
38 0.207159
39 0.201618
40 0.196174
41 0.191952
42 0.186592
43 0.181709
44 0.176868
45 0.173194
46 0.168271
47 0.164369
48 0.16085
49 0.156944
50 0.154346
51 0.151401
52 0.148014
53 0.145647
54 0.142159
55 0.138946
56 0.136594
57 0.134299
58 0.132786
59 0.130082
60 0.127612
61 0.126248
62 0.12415
63 0.122623
64 0.120796
65 0.118985
66 0.117439
67 0.116732
68 0.115109
69 0.113395
70 0.113493
71 0.111135
72 0.110385
73 0.110139
74 0.109535
75 0.108112
76 0.106218
77 0.105904
78 0.103864
79 0.102407
80 0.102786
81 0.101435
82 0.10006
83 0.0995135
84 0.0986161
85 0.0980736
86 0.0968048
87 0.0959607
88 0.095351
89 0.0939878
90 0.0943739
91 0.0928161
92 0.0925001
93 0.0919885
94 0.0913248
95 0.0906884
96 0.0892476
97 0.0886254
98 0.0878813
99 0.0884848
100 0.0869325
101 0.0862573
102 0.0858177
103 0.0846773
104 0.0847509
105 0.0859082
106 0.0838667
107 0.0840792
108 0.0846259
109 0.0836053
110 0.0830879
111 0.0820747
112 0.0823392
113 0.0822764
114 0.0812008
115 0.0801999
116 0.0805917
117 0.0796963
118 0.0803847
119 0.078021
120 0.0785912
121 0.0779662
122 0.0781526
123 0.0771055
124 0.0767896
125 0.0760446
126 0.0759738
127 0.0755381
128 0.0746854
129 0.0758984
130 0.0755432
131 0.075337
132 0.0745482
133 0.0741587
134 0.0732296
135 0.0727167
136 0.0746477
137 0.0748891
138 0.0748882
139 0.0733237
140 0.0748525
141 0.0732775
142 0.0736808
143 0.0722433
144 0.0723563
145 0.0727915
146 0.0719207
147 0.0708775
148 0.0711295
149 0.0702611
150 0.0685741
151 0.0694206
152 0.0696492
153 0.0700907
154 0.0689691
155 0.068843
156 0.0684905
157 0.0687495
158 0.068205
159 0.0689531
160 0.0682446
161 0.0678804
162 0.0685297
163 0.0668427
164 0.0654954
165 0.0660067
166 0.0662121
167 0.0659211
168 0.0646643
169 0.0640192
170 0.064009
171 0.064139
172 0.0649885
173 0.0648671
174 0.0632722
175 0.0654595
176 0.064003
177 0.0633079
178 0.0622443
179 0.0619537
180 0.0630138
181 0.0618182
182 0.0618919
183 0.0626797
184 0.0629537
185 0.0622754
186 0.0612233
187 0.0623463
188 0.0605181
189 0.0602182
190 0.0597998
191 0.0605874
192 0.060741
193 0.0590174
194 0.0590017
195 0.0577245
196 0.0586247
197 0.0582996
198 0.0585056
199 0.0575008
200 0.0586458
201 0.0592459
202 0.0585147
203 0.0580841
204 0.058149
205 0.0576222
206 0.057103
207 0.0570728
208 0.0572282
209 0.0568428
210 0.057911
211 0.0575878
212 0.0583487
213 0.0569923
214 0.0559788
215 0.0561305
216 0.0559169
217 0.0543427
218 0.0537495
219 0.0545548
220 0.0537142
221 0.0543716
222 0.0538683
223 0.0529606
224 0.054264
225 0.0533821
226 0.0531386
227 0.0543468
228 0.0537115
229 0.0555218
230 0.0551401
231 0.0543002
232 0.0534751
233 0.0538687
234 0.0538878
235 0.0532591
236 0.0529588
237 0.0518279
238 0.0517139
239 0.0520168
240 0.0505383
241 0.0526509
242 0.0524069
243 0.052955
244 0.0529062
245 0.0534592
246 0.0524944
247 0.0522727
248 0.0506914
249 0.0525093
250 0.04964
251 0.0507862
252 0.050988
253 0.0499497
254 0.0498678
255 0.0523881
256 0.051161
257 0.0511522
258 0.0487046
259 0.0482062
260 0.0484906
261 0.0479401
262 0.0470664
263 0.0467031
264 0.0479487
265 0.0473606
266 0.0468525
267 0.0469641
268 0.0454138
269 0.0463719
270 0.0469106
271 0.0474751
272 0.0468516
273 0.0452048
274 0.0449969
275 0.0444346
276 0.0453691
277 0.0439868
278 0.0433618
279 0.0438438
280 0.0426215
281 0.0419879
282 0.0422927
283 0.0415221
284 0.0423037
285 0.0412333
286 0.0423137
287 0.0413246
288 0.0419755
289 0.0405776
290 0.0405309
291 0.0425243
292 0.0420711
293 0.0408702
294 0.0413289
295 0.0421039
296 0.0409914
297 0.0405853
298 0.0422174
299 0.0401798
300 0.0413805
301 0.0402858
302 0.0401332
303 0.0405147
304 0.0400865
305 0.0374005
306 0.0400105
307 0.0392261
308 0.0391489
309 0.0403316
310 0.038599
311 0.0395403
312 0.0387462
313 0.0378127
314 0.0392903
315 0.0373182
316 0.0385354
317 0.0366457
318 0.0376295
319 0.0347745
320 0.036855
321 0.0357498
322 0.0355234
323 0.0359279
324 0.0353623
325 0.0352823
326 0.0358787
327 0.0344182
328 0.0324814
329 0.0335647
330 0.0332412
331 0.032274
332 0.0321955
333 0.0327542
334 0.0317018
335 0.0315196
336 0.0300135
337 0.0313571
338 0.0310322
339 0.0307627
340 0.0307017
341 0.0329391
342 0.0305349
343 0.0309783
344 0.0313121
345 0.0297378
346 0.0296168
347 0.0294701
348 0.0292643
349 0.0296402
350 0.0281855
351 0.0293492
352 0.0280994
353 0.030747
354 0.0299443
355 0.0289951
356 0.0286136
357 0.0299563
358 0.0280757
359 0.0291952
360 0.0280417
361 0.0293924
362 0.0276312
363 0.0278488
364 0.0268228
365 0.0265424
366 0.0265414
367 0.0262006
368 0.0246963
369 0.0267924
370 0.024982
371 0.0239339
372 0.0232713
373 0.0240931
374 0.0236354
375 0.0243638
376 0.0234777
377 0.0231821
378 0.0232194
379 0.0234716
380 0.0232131
381 0.0211837
382 0.0216615
383 0.0236572
384 0.0213787
385 0.0211387
386 0.0205518
387 0.0202195
388 0.0220893
389 0.021349
390 0.0220094
391 0.0197747
392 0.0215359
393 0.0214439
394 0.0235232
395 0.0200144
396 0.0211586
397 0.0194758
398 0.0204837
399 0.0192211
400 0.0175159
401 0.0193492
402 0.0193463
403 0.0187037
404 0.0176033
405 0.0199074
406 0.0178121
407 0.0184207
408 0.016748
409 0.019683
410 0.0174222
411 0.0195351
412 0.0172235
413 0.0164486
414 0.016251
415 0.0172412
416 0.0169436
417 0.0163385
418 0.0171293
419 0.0172459
420 0.0155347
421 0.0173409
422 0.0147354
423 0.0143545
424 0.0146596
425 0.0146298
426 0.0144573
427 0.0136464
428 0.0126004
429 0.0122136
430 0.0126343
431 0.0120234
432 0.0131657
433 0.00981481
434 0.0113023
435 0.0110848
436 0.010181
437 0.00773156
438 0.0100457
439 0.00960467
440 0.00746725
441 0.00709451
442 0.00851134
443 0.00750341
444 0.0063278
445 0.00624694
446 0.00670791
447 0.00753921
448 0.0068217
449 0.00583125
450 0.00590531
451 0.00560624
452 0.00473945
453 0.00477793
454 0.00413145
455 0.00575366
456 0.0052457
457 0.00423633
458 0.00590474
459 0.00470646
460 0.00470058
461 0.00456632
462 0.00316116
463 0.00348572
464 0.00318926
465 0.00315896
466 0.00317025
467 0.00289572
468 0.00307714
469 0.00276982
470 0.00248041
471 0.00208236
472 0.00253273
473 0.00231167
474 0.00245202
475 0.00254033
476 0.00222608
477 0.00245446
478 0.00279919
479 0.00264234
480 0.00321696
481 0.00266044
482 0.00255269
483 0.00361539
484 0.00378311
485 0.00309655
486 0.0025767
487 0.00371451
488 0.00353477
489 0.00361965
490 0.00382235
491 0.00388786
492 0.00358747
493 0.00493365
494 0.00407986
495 0.00542143
496 0.00616296
497 0.00570402
498 0.00618124
499 0.00529774
500 0.00580302
501 0.00626477
502 0.00597432
503 0.00602782
504 0.00621352
505 0.00691565
506 0.0061353
507 0.00775638
508 0.00665469
509 0.00719215
510 0.00857659
511 0.00871874
512 0.00955587
513 0.00863286
514 0.00861765
515 0.0092722
516 0.0101573
517 0.0100738
518 0.0104641
519 0.00948193
520 0.0118663
521 0.011239
522 0.0120004
523 0.0117378
524 0.011718
525 0.0135604
526 0.0146523
527 0.0136428
528 0.0162473
529 0.0138783
530 0.0169641
531 0.0155047
532 0.0162632
533 0.0170979
534 0.01751
535 0.0162227
536 0.0174736
537 0.0182941
538 0.0195205
539 0.0187498
540 0.0195329
541 0.0176721
542 0.0190095
543 0.0182678
544 0.0189073
545 0.0202248
546 0.0194694
547 0.0205409
548 0.0202437
549 0.0207823
550 0.0215007
551 0.0212695
552 0.0204148
553 0.0205699
554 0.0190422
555 0.0208492
556 0.0205113
557 0.0208492
558 0.0214506
559 0.0210589
560 0.0215441
561 0.0206059
562 0.0193651
563 0.0177401
564 0.0168965
565 0.0172988
566 0.0163923
567 0.0152894
568 0.0167469
569 0.0168096
570 0.0166504
571 0.0178315
572 0.0175115
573 0.0166504
574 0.0169144
575 0.017002
576 0.0185496
577 0.0177752
578 0.0203382
579 0.0192358
580 0.0196909
581 0.0193289
582 0.0193122
583 0.0195856
584 0.0197435
585 0.0210422
586 0.0207623
587 0.0192358
588 0.0209457
589 0.0206754
590 0.0184912
591 0.0192565
592 0.0202287
593 0.0194013
594 0.0186774
595 0.016216
596 0.0165056
597 0.0176639
598 0.018243
599 0.018243
