1 3.54071
2 3.54071
3 3.4388
4 2.53611
5 1.93863
6 1.60526
7 1.38644
8 1.227
9 1.10045
10 1
11 0.917117
12 0.84759
13 0.787448
14 0.737176
15 0.692668
16 0.654202
17 0.620609
18 0.590445
19 0.563926
20 0.539117
21 0.518119
22 0.498325
23 0.480713
24 0.463882
25 0.448307
26 0.434772
27 0.422151
28 0.41023
29 0.400437
30 0.388212
31 0.378274
32 0.368869
33 0.360701
34 0.353881
35 0.345411
36 0.337292
37 0.332252
38 0.323698
39 0.317221
40 0.310716
41 0.303937
42 0.297815
43 0.29195
44 0.285844
45 0.280134
46 0.274202
47 0.269943
48 0.264751
49 0.260466
50 0.257125
51 0.253547
52 0.248544
53 0.245129
54 0.240891
55 0.237065
56 0.234796
57 0.232147
58 0.229141
59 0.225477
60 0.223478
61 0.220952
62 0.217849
63 0.216088
64 0.213664
65 0.211864
66 0.209201
67 0.207538
68 0.205597
69 0.203413
70 0.20412
71 0.199603
72 0.198123
73 0.198759
74 0.197715
75 0.195334
76 0.193147
77 0.193151
78 0.190724
79 0.189223
80 0.1915
81 0.189344
82 0.188043
83 0.187305
84 0.185934
85 0.185207
86 0.18329
87 0.183292
88 0.182472
89 0.18033
90 0.180972
91 0.178634
92 0.178402
93 0.179002
94 0.177854
95 0.178406
96 0.176533
97 0.175422
98 0.174873
99 0.175849
100 0.174018
101 0.173588
102 0.17286
103 0.17112
104 0.171901
105 0.173209
106 0.169566
107 0.170289
108 0.172509
109 0.170577
110 0.17036
111 0.167707
112 0.168781
113 0.169329
114 0.168381
115 0.166573
116 0.167328
117 0.166003
118 0.16806
119 0.164235
120 0.165165
121 0.164273
122 0.164361
123 0.164151
124 0.163253
125 0.161823
126 0.163431
127 0.162916
128 0.162689
129 0.164696
130 0.162657
131 0.162663
132 0.160097
133 0.160012
134 0.158756
135 0.157124
136 0.161032
137 0.160867
138 0.15971
139 0.157746
140 0.160365
141 0.157494
142 0.156251
143 0.153744
144 0.153044
145 0.154585
146 0.153236
147 0.152316
148 0.154342
149 0.152476
150 0.149778
151 0.151593
152 0.151204
153 0.152289
154 0.151544
155 0.15167
156 0.149495
157 0.14973
158 0.148725
159 0.149635
160 0.147954
161 0.147935
162 0.149175
163 0.147025
164 0.14384
165 0.145405
166 0.144622
167 0.144702
168 0.142776
169 0.139984
170 0.140897
171 0.139794
172 0.141046
173 0.140394
174 0.135837
175 0.140906
176 0.137527
177 0.137042
178 0.13554
179 0.135323
180 0.137065
181 0.133974
182 0.134821
183 0.13586
184 0.137233
185 0.135279
186 0.132753
187 0.135521
188 0.131961
189 0.131641
190 0.130297
191 0.13116
192 0.132311
193 0.127633
194 0.128921
195 0.125538
196 0.128746
197 0.126061
198 0.126593
199 0.125095
200 0.127327
201 0.127344
202 0.126219
203 0.125233
204 0.125309
205 0.124425
206 0.123578
207 0.123426
208 0.122829
209 0.121301
210 0.122685
211 0.122223
212 0.122392
213 0.121212
214 0.120122
215 0.121133
216 0.121348
217 0.118144
218 0.116994
219 0.118061
220 0.116008
221 0.115718
222 0.114875
223 0.113723
224 0.115521
225 0.113691
226 0.113148
227 0.113998
228 0.111825
229 0.115126
230 0.113467
231 0.112848
232 0.111847
233 0.112338
234 0.111442
235 0.109535
236 0.108638
237 0.107075
238 0.107605
239 0.107948
240 0.104186
241 0.108358
242 0.106071
243 0.106824
244 0.106159
245 0.105633
246 0.104802
247 0.103111
248 0.10098
249 0.104889
250 0.100314
251 0.101286
252 0.102045
253 0.0988378
254 0.100615
255 0.103594
256 0.101265
257 0.100848
258 0.0971681
259 0.0972728
260 0.0960816
261 0.0957401
262 0.0937254
263 0.0933211
264 0.0960303
265 0.0958028
266 0.0945907
267 0.0954241
268 0.0940765
269 0.0956964
270 0.0954621
271 0.0959564
272 0.095136
273 0.0913275
274 0.0919847
275 0.0906248
276 0.0923516
277 0.0896577
278 0.0892363
279 0.0912933
280 0.0875573
281 0.0860371
282 0.0878412
283 0.0856255
284 0.086542
285 0.0840594
286 0.0866246
287 0.0845266
288 0.0845276
289 0.0815943
290 0.0823548
291 0.0850462
292 0.0836227
293 0.0803147
294 0.0805537
295 0.082371
296 0.0799743
297 0.078475
298 0.0803627
299 0.0753908
300 0.0776444
301 0.0755837
302 0.0734935
303 0.0755669
304 0.075931
305 0.0718805
306 0.0770393
307 0.0748256
308 0.0743185
309 0.076432
310 0.0729175
311 0.074323
312 0.0720839
313 0.0711791
314 0.0754448
315 0.0706765
316 0.0727721
317 0.0698913
318 0.0726353
319 0.0675593
320 0.0716869
321 0.0706515
322 0.0696701
323 0.0697656
324 0.0690075
325 0.0697828
326 0.07063
327 0.0697811
328 0.066938
329 0.0674525
330 0.0684091
331 0.0664571
332 0.0655718
333 0.0676572
334 0.0647583
335 0.0655691
336 0.0627253
337 0.0647815
338 0.0655785
339 0.0637598
340 0.0645279
341 0.0682963
342 0.0632815
343 0.0645726
344 0.0634069
345 0.0609586
346 0.0600229
347 0.0597532
348 0.0597863
349 0.0592843
350 0.0547815
351 0.0566424
352 0.0565154
353 0.0583343
354 0.0592743
355 0.0557451
356 0.0552856
357 0.0571704
358 0.0542313
359 0.0548656
360 0.0515138
361 0.0543572
362 0.0527197
363 0.052702
364 0.0510936
365 0.0508466
366 0.0505086
367 0.050764
368 0.0478226
369 0.0528216
370 0.0493923
371 0.0490972
372 0.0466713
373 0.0486751
374 0.0474367
375 0.0486822
376 0.0470761
377 0.0455715
378 0.0446721
379 0.0450892
380 0.0463582
381 0.0411959
382 0.0420614
383 0.0464113
384 0.0417806
385 0.0412653
386 0.0405506
387 0.0405781
388 0.0424603
389 0.0426104
390 0.042593
391 0.0377134
392 0.0408443
393 0.0409433
394 0.0447573
395 0.0385711
396 0.0408587
397 0.0379417
398 0.0418262
399 0.0384009
400 0.0350711
401 0.038887
402 0.0385533
403 0.0375619
404 0.0353323
405 0.0402981
406 0.0360322
407 0.0379299
408 0.0346064
409 0.0397648
410 0.0358564
411 0.0405882
412 0.0351242
413 0.0344813
414 0.0330207
415 0.0350343
416 0.0357342
417 0.0320802
418 0.0344192
419 0.034799
420 0.0305408
421 0.0349738
422 0.0316638
423 0.0294237
424 0.0306642
425 0.0308158
426 0.0302017
427 0.0283018
428 0.0258902
429 0.0248525
430 0.0258643
431 0.0249724
432 0.0270177
433 0.0204497
434 0.0240854
435 0.0232926
436 0.021829
437 0.0166969
438 0.0224446
439 0.0219893
440 0.0160381
441 0.0159539
442 0.020574
443 0.0192294
444 0.0160143
445 0.0161895
446 0.0180037
447 0.0201281
448 0.0181733
449 0.0162917
450 0.0180899
451 0.0167815
452 0.0139421
453 0.0144714
454 0.0115551
455 0.0172519
456 0.0155914
457 0.0131426
458 0.0201018
459 0.0164757
460 0.0188079
461 0.0190053
462 0.013615
463 0.0166062
464 0.0158737
465 0.0150643
466 0.0176637
467 0.0153177
468 0.0161682
469 0.0147328
470 0.0148467
471 0.00897657
472 0.0147712
473 0.0121413
474 0.01145
475 0.0153759
476 0.0110739
477 0.0167583
478 0.0165726
479 0.0162079
480 0.022294
481 0.014311
482 0.0155584
483 0.020647
484 0.0223808
485 0.0163679
486 0.0138077
487 0.0181627
488 0.0191112
489 0.0197519
490 0.0230945
491 0.0226325
492 0.0222067
493 0.0313822
494 0.0219675
495 0.029934
496 0.0298252
497 0.0270867
498 0.0294534
499 0.024465
500 0.0282086
501 0.0325034
502 0.0338208
503 0.0342545
504 0.0361461
505 0.0416669
506 0.0360777
507 0.0460529
508 0.0380297
509 0.0411302
510 0.0467448
511 0.0456701
512 0.0475455
513 0.0432835
514 0.0429216
515 0.0485034
516 0.0503195
517 0.0491265
518 0.0537358
519 0.0477034
520 0.0574906
521 0.0567562
522 0.0628931
523 0.0642405
524 0.0636873
525 0.0714994
526 0.0747158
527 0.067755
528 0.077331
529 0.0697579
530 0.080048
531 0.0782443
532 0.0795384
533 0.0822264
534 0.0879508
535 0.081335
536 0.0862646
537 0.0879067
538 0.0937075
539 0.0885015
540 0.0931066
541 0.0910803
542 0.0944304
543 0.0966819
544 0.0983378
545 0.0972781
546 0.0986648
547 0.0965837
548 0.0975935
549 0.0974652
550 0.0975472
551 0.0986604
552 0.0986912
553 0.0986132
554 0.0976651
555 0.0984781
556 0.0997837
557 0.0972128
558 0.100054
559 0.099148
560 0.0989351
561 0.0982504
562 0.098028
563 0.0994295
564 0.0972086
565 0.0984733
566 0.0973791
567 0.0976768
568 0.0975077
569 0.0976183
570 0.0998812
571 0.101031
572 0.101863
573 0.0991009
574 0.100042
575 0.101748
576 0.10283
577 0.101337
578 0.0992501
579 0.102292
580 0.102417
581 0.105636
582 0.107639
583 0.10662
584 0.108323
585 0.109635
586 0.113654
587 0.113537
588 0.113277
589 0.108036
590 0.105762
591 0.104856
592 0.104006
593 0.103003
594 0.100223
595 0.0946141
596 0.0934436
597 0.0936387
598 0.0898346
599 0.0948091
