6	49	94.2838	Mod
6	50	94.1981	Mod
7	49	94.3806	Mod
7	50	94.3773	Mod
9	30	94.0556	Mod
9	31	94.0411	Mod
10	30	94.0946	Mod
10	31	94.0423	Mod
13	49	91.2509	Mod
13	50	91.3222	Mod
14	49	91.2621	Mod
14	50	91.439	Mod
54	564	-67.7505	Mod
54	565	-64.7911	Mod
55	564	-70.1278	Mod
55	565	-65.6292	Mod
56	526	-3.29495	Mod
56	527	-12.0229	Mod
57	239	65.2575	Mod
57	240	66.5808	Mod
57	284	42.5161	Mod
57	285	41.0036	Mod
57	297	56.0944	Mod
57	298	54.6831	Mod
57	366	86.5086	Mod
57	367	86.267	Mod
57	526	-12.1587	Mod
57	527	-19.206	Mod
58	239	59.3543	Mod
58	240	59.4667	Mod
58	284	35.5645	Mod
58	285	34.5995	Mod
58	297	54.0265	Mod
58	298	50.219	Mod
58	366	85.8185	Mod
58	367	85.6315	Mod
59	118	94.5053	Mod
59	119	94.503	Mod
60	118	94.5208	Mod
60	119	94.4941	Mod
113	241	53.382	Mod
113	242	51.4388	Mod
114	241	55.8083	Mod
114	242	52.2257	Mod
120	241	43.5567	Mod
120	242	41.5946	Mod
121	241	42.7476	Mod
121	242	41.1483	Mod
150	239	57.1751	Mod
150	240	54.6831	Mod
151	239	55.4711	Mod
151	240	56.475	Mod
180	238	77.3132	Mod
180	239	77.0249	Mod
181	238	77.6493	Mod
181	239	77.2787	Mod
240	285	68.6865	Mod
240	286	66.425	Mod
240	298	64.9124	Mod
240	299	65.2953	Mod
240	368	39.2262	Mod
240	369	39.7014	Mod
240	411	17.6812	Mod
240	412	14.8176	Mod
240	422	8.4981	Mod
240	423	11.9572	Mod
241	285	69.716	Mod
241	286	67.657	Mod
241	298	66.425	Mod
241	299	65.2953	Mod
241	368	41.4465	Mod
241	369	41.7537	Mod
241	411	13.0913	Mod
241	412	18.2789	Mod
241	422	16.7808	Mod
241	423	11.5977	Mod
286	368	85.2375	Mod
286	369	85.3399	Mod
286	411	48.3036	Mod
286	412	43.1538	Mod
286	420	55.263	Mod
286	421	54.0265	Mod
286	526	15.4119	Mod
286	527	10.5805	Mod
287	368	85.0828	Mod
287	369	85.3177	Mod
287	411	46.5395	Mod
287	412	44.9913	Mod
287	420	52.9179	Mod
287	421	52.002	Mod
287	526	19.2349	Mod
287	527	11.9572	Mod
299	368	76.3527	Mod
299	369	75.2742	Mod
299	410	41.7537	Mod
299	411	37.7181	Mod
299	420	36.5372	Mod
299	421	34.6874	Mod
299	526	46.0186	Mod
299	527	45.9407	Mod
300	368	77.2063	Mod
300	369	75.7472	Mod
300	410	39.9663	Mod
300	411	38.8399	Mod
300	420	35.2851	Mod
300	421	33.5066	Mod
300	526	44.6341	Mod
300	527	43.727	Mod
370	410	86.0812	Mod
370	411	85.429	Mod
370	420	92.3227	Mod
370	421	92.0968	Mod
370	526	72.8301	Mod
370	527	71.2297	Mod
371	410	86.326	Mod
371	411	85.7862	Mod
371	420	92.3928	Mod
371	421	92.1569	Mod
371	526	74.1813	Mod
371	527	72.0177	Mod
412	526	80.5408	Mod
412	527	81.0795	Mod
413	526	82.0767	Mod
413	527	81.735	Mod
534	562	96.0278	Mod
534	563	96.0289	Mod
534	574	95.3489	Mod
534	575	95.3411	Mod
535	562	96.0256	Mod
535	563	96.0267	Mod
535	574	95.3467	Mod
535	575	95.3433	Mod
49	6	92.6844	Exp
50	6	91.6483	Exp
49	7	92.7779	Exp
50	7	92.9393	Exp
30	9	94.1792	Exp
31	9	95.616	Exp
30	10	95.4513	Exp
31	10	94.6444	Exp
49	13	91.7562	Exp
50	13	91.9298	Exp
49	14	92.0367	Exp
50	14	91.616	Exp
564	54	1.85143	Exp
565	54	-55.2196	Exp
564	55	-44.6908	Exp
565	55	-23.9818	Exp
526	56	50.6842	Exp
527	56	43.027	Exp
239	57	71.3198	Exp
240	57	74.3593	Exp
284	57	43.8261	Exp
285	57	51.8194	Exp
297	57	41.1872	Exp
298	57	48.2613	Exp
366	57	35.708	Exp
367	57	26.9835	Exp
526	57	50.0732	Exp
527	57	36.8466	Exp
239	58	73.4745	Exp
240	58	78.4273	Exp
284	58	44.4404	Exp
285	58	49.6803	Exp
297	58	49.8951	Exp
298	58	44.978	Exp
366	58	49.7816	Exp
367	58	36.3725	Exp
118	59	92.2637	Exp
119	59	91.3433	Exp
118	60	90.1391	Exp
119	60	88.2437	Exp
241	113	33.8494	Exp
242	113	34.1777	Exp
241	114	56.0676	Exp
242	114	41.382	Exp
241	120	63.7282	Exp
242	120	52.3481	Exp
241	121	59.9898	Exp
242	121	71.3888	Exp
239	150	73.8162	Exp
240	150	70.2725	Exp
239	151	72.4228	Exp
240	151	67.0816	Exp
238	180	79.1985	Exp
239	180	75.1729	Exp
238	181	75.9053	Exp
239	181	74.6409	Exp
285	240	70.1935	Exp
286	240	69.8707	Exp
298	240	71.844	Exp
299	240	72.8401	Exp
368	240	58.6342	Exp
369	240	63.135	Exp
411	240	35.3953	Exp
412	240	37.008	Exp
422	240	24.427	Exp
423	240	14.8866	Exp
285	241	69.0527	Exp
286	241	77.1629	Exp
298	241	69.2308	Exp
299	241	72.5808	Exp
368	241	60.7655	Exp
369	241	59.756	Exp
411	241	35.6836	Exp
412	241	45.3197	Exp
422	241	19.9395	Exp
423	241	25.0358	Exp
368	286	73.6103	Exp
369	286	81.4256	Exp
411	286	64.5874	Exp
412	286	57.8662	Exp
420	286	53.3898	Exp
421	286	61.7015	Exp
526	286	39.9752	Exp
527	286	13.3651	Exp
368	287	79.1485	Exp
369	287	73.115	Exp
411	287	55.263	Exp
412	287	62.3181	Exp
420	287	50.879	Exp
421	287	48.7699	Exp
526	287	43.4009	Exp
527	287	34.0586	Exp
368	299	79.2642	Exp
369	299	84.4918	Exp
410	299	60.7477	Exp
411	299	57.4099	Exp
420	299	52.4126	Exp
421	299	61.6859	Exp
526	299	53.244	Exp
527	299	17.8716	Exp
368	300	81.3277	Exp
369	300	82.3872	Exp
410	300	62.8868	Exp
411	300	61.8562	Exp
420	300	55.9285	Exp
421	300	67.6637	Exp
526	300	38.7465	Exp
527	300	45.3252	Exp
410	370	85.6783	Exp
411	370	84.661	Exp
420	370	81.942	Exp
421	370	83.2698	Exp
526	370	68.4461	Exp
527	370	29.1727	Exp
410	371	85.7105	Exp
411	371	82.799	Exp
420	371	78.1312	Exp
421	371	76.9604	Exp
526	371	59.155	Exp
527	371	45.0859	Exp
526	412	57.1239	Exp
527	412	36.1588	Exp
526	413	64.0254	Exp
527	413	49.2206	Exp
562	534	95.6449	Exp
563	534	95.5114	Exp
574	534	93.3789	Exp
575	534	93.1341	Exp
562	535	95.577	Exp
563	535	95.8186	Exp
574	535	94.7468	Exp
575	535	93.8219	Exp
