1 11.8725
2 11.8725
3 11.6328
4 6.24782
5 3.44466
6 2.26247
7 1.68037
8 1.3475
9 1.14202
10 1
11 0.903682
12 0.828409
13 0.77517
14 0.729155
15 0.696039
16 0.666092
17 0.64631
18 0.62428
19 0.610412
20 0.593298
21 0.582485
22 0.568281
23 0.560862
24 0.549226
25 0.545105
26 0.534121
27 0.52798
28 0.517504
29 0.512807
30 0.50185
31 0.495216
32 0.483309
33 0.479003
34 0.469482
35 0.465681
36 0.458753
37 0.45922
38 0.451777
39 0.450191
40 0.443401
41 0.441598
42 0.432858
43 0.428263
44 0.418558
45 0.415324
46 0.405389
47 0.401657
48 0.393265
49 0.39058
50 0.382529
51 0.380301
52 0.374046
53 0.372345
54 0.365734
55 0.365468
56 0.361448
57 0.362117
58 0.35612
59 0.355111
60 0.350592
61 0.348914
62 0.341098
63 0.339003
64 0.332359
65 0.33157
66 0.325576
67 0.325334
68 0.320055
69 0.320711
70 0.314697
71 0.314572
72 0.309442
73 0.310492
74 0.305057
75 0.305458
76 0.300775
77 0.301923
78 0.297921
79 0.299057
80 0.29581
81 0.297508
82 0.292723
83 0.293187
84 0.288814
85 0.290113
86 0.284105
87 0.284628
88 0.280158
89 0.281366
90 0.276879
91 0.27716
92 0.273226
93 0.274278
94 0.268884
95 0.268884
96 0.264563
97 0.265345
98 0.260249
99 0.261837
100 0.258192
101 0.259749
102 0.25552
103 0.256743
104 0.253564
105 0.255332
106 0.250673
107 0.252102
108 0.248675
109 0.250022
110 0.24657
111 0.24823
112 0.244945
113 0.24664
114 0.242081
115 0.24391
116 0.24008
117 0.242029
118 0.237766
119 0.239005
120 0.235106
121 0.237136
122 0.233622
123 0.235027
124 0.231627
125 0.233863
126 0.229724
127 0.230791
128 0.227327
129 0.228758
130 0.224837
131 0.2255
132 0.22148
133 0.223318
134 0.21953
135 0.220692
136 0.217433
137 0.219498
138 0.215881
139 0.216882
140 0.21384
141 0.215903
142 0.212377
143 0.214057
144 0.210906
145 0.213235
146 0.209574
147 0.211128
148 0.208473
149 0.210148
150 0.205993
151 0.207273
152 0.203768
153 0.205865
154 0.203088
155 0.20433
156 0.201435
157 0.203174
158 0.199764
159 0.200406
160 0.197366
161 0.199032
162 0.195249
163 0.196628
164 0.193515
165 0.195706
166 0.19199
167 0.19367
168 0.190751
169 0.192033
170 0.188527
171 0.189853
172 0.187139
173 0.189416
174 0.186197
175 0.187997
176 0.184784
177 0.186971
178 0.183164
179 0.184786
180 0.182229
181 0.183806
182 0.180891
183 0.182273
184 0.179456
185 0.181209
186 0.17756
187 0.178777
188 0.175787
189 0.177484
190 0.174343
191 0.175681
192 0.173021
193 0.175134
194 0.171799
195 0.17325
196 0.170518
197 0.172428
198 0.169022
199 0.170459
200 0.168051
201 0.170323
202 0.167272
203 0.168401
204 0.165974
205 0.167788
206 0.164648
207 0.165971
208 0.163126
209 0.164852
210 0.161762
211 0.16294
212 0.160541
213 0.162409
214 0.159432
215 0.160349
216 0.158247
217 0.159821
218 0.157095
219 0.158087
220 0.155875
221 0.157509
222 0.154934
223 0.156439
224 0.154419
225 0.156143
226 0.153159
227 0.154159
228 0.151515
229 0.153179
230 0.149898
231 0.150867
232 0.148203
233 0.150012
234 0.147269
235 0.148654
236 0.146536
237 0.14828
238 0.145525
239 0.14624
240 0.144113
241 0.145373
242 0.142657
243 0.14327
244 0.141151
245 0.142735
246 0.139822
247 0.141201
248 0.139303
249 0.141184
250 0.138614
251 0.140034
252 0.138105
253 0.139732
254 0.137245
255 0.138282
256 0.136717
257 0.138118
258 0.135907
259 0.136746
260 0.133942
261 0.134779
262 0.132314
263 0.132772
264 0.130652
265 0.131576
266 0.129016
267 0.130364
268 0.12818
269 0.129207
270 0.126831
271 0.128517
272 0.127196
273 0.128836
274 0.126642
275 0.127773
276 0.125804
277 0.127046
278 0.124383
279 0.125953
280 0.124632
281 0.126132
282 0.124234
283 0.125031
284 0.123221
285 0.124403
286 0.122403
287 0.123355
288 0.121856
289 0.123497
290 0.121544
291 0.122576
292 0.120627
293 0.121453
294 0.119451
295 0.120404
296 0.118941
297 0.120649
298 0.11865
299 0.119999
300 0.11849
301 0.119682
302 0.117668
303 0.11925
304 0.117969
305 0.12015
306 0.119778
307 0.122293
308 0.120378
309 0.122208
310 0.120097
311 0.121454
312 0.118181
313 0.117963
314 0.114827
315 0.115013
316 0.113287
317 0.114166
318 0.112275
319 0.11282
320 0.111075
321 0.111833
322 0.109463
323 0.110203
324 0.108214
325 0.109455
326 0.107306
327 0.107976
328 0.106991
329 0.107851
330 0.105908
331 0.106579
332 0.104791
333 0.106305
334 0.104572
335 0.105307
336 0.103992
337 0.105462
338 0.103575
339 0.10462
340 0.102967
341 0.103572
342 0.10215
343 0.103178
344 0.101414
345 0.102534
346 0.1006
347 0.100887
348 0.0992183
349 0.100203
350 0.0986632
351 0.0997754
352 0.0983907
353 0.099586
354 0.0978629
355 0.0982566
356 0.0974451
357 0.0980875
358 0.0966407
359 0.0972711
360 0.0962879
361 0.0969311
362 0.0953695
363 0.0961449
364 0.0949454
365 0.0960503
366 0.0946719
367 0.095402
368 0.0942858
369 0.0950664
370 0.0936179
371 0.094906
372 0.0937574
373 0.0948796
374 0.0927817
375 0.0934006
376 0.0923041
377 0.0930413
378 0.0913907
379 0.092619
380 0.0915214
381 0.0921137
382 0.0909068
383 0.0914545
384 0.0900687
385 0.0909605
386 0.0892398
387 0.0902135
388 0.0892103
389 0.0897594
390 0.0883809
391 0.0890344
392 0.0877064
393 0.0886512
394 0.0869007
395 0.0876998
396 0.0863043
397 0.0864394
398 0.0851643
399 0.0861918
400 0.0853898
401 0.086444
402 0.0856719
403 0.0865974
404 0.0861234
405 0.0868662
406 0.0859995
407 0.0865945
408 0.0850946
409 0.0858566
410 0.0839697
411 0.0849304
412 0.083495
413 0.0839662
414 0.0829245
415 0.0836767
416 0.0830091
417 0.0838892
418 0.0831531
419 0.0838922
420 0.0830654
421 0.0838443
422 0.0832753
423 0.0838833
424 0.0834264
425 0.0841042
426 0.082752
427 0.0835553
428 0.0828753
429 0.0834519
430 0.0821432
431 0.0825791
432 0.0813569
433 0.0815608
434 0.0805918
435 0.0812846
436 0.0801183
437 0.0807356
438 0.0796149
439 0.0793729
440 0.0780456
441 0.0779371
442 0.0761785
443 0.0768642
444 0.0760263
445 0.076633
446 0.0753207
447 0.0759488
448 0.074906
449 0.0754546
450 0.0739615
451 0.0735629
452 0.0718637
453 0.0724985
454 0.0716124
455 0.0720969
456 0.0709603
457 0.0715152
458 0.0705372
459 0.0708924
460 0.0698287
461 0.0702404
462 0.0693859
463 0.0701428
464 0.0696701
465 0.0699111
466 0.0695302
467 0.0701988
468 0.0695875
469 0.0694845
470 0.0681312
471 0.0679173
472 0.0664911
473 0.0665086
474 0.0647981
475 0.063878
476 0.0625749
477 0.0622913
478 0.0615006
479 0.0619447
480 0.061205
481 0.0611904
482 0.0606482
483 0.0606266
484 0.0598725
485 0.0598085
486 0.0596152
487 0.0596315
488 0.0582932
489 0.0583937
490 0.0579682
491 0.0578767
492 0.0575808
493 0.0579078
494 0.057486
495 0.0575331
496 0.0565978
497 0.0570561
498 0.0561092
499 0.0557414
500 0.055302
501 0.0556925
502 0.0548367
503 0.0550314
504 0.053798
505 0.0535277
506 0.0531037
507 0.0532469
508 0.0523963
509 0.0519339
510 0.0516292
511 0.0519468
512 0.0514146
513 0.051457
514 0.05014
515 0.0503658
516 0.0492441
517 0.0494515
518 0.0495691
519 0.0491443
520 0.0479476
521 0.0482113
522 0.0473202
523 0.0472305
524 0.0465619
525 0.0463581
526 0.0448354
527 0.0443644
528 0.0436905
529 0.0432254
530 0.042661
531 0.0424388
532 0.042111
533 0.0421976
534 0.0408946
535 0.0407926
536 0.0405898
537 0.0406435
538 0.0399002
539 0.0396761
540 0.0391801
541 0.0389441
542 0.0381262
543 0.037575
544 0.0366922
545 0.036564
546 0.0359177
547 0.0350619
548 0.0346908
549 0.0351466
550 0.0344324
551 0.0347024
552 0.0342697
553 0.0334554
554 0.0322559
555 0.0318051
556 0.0313563
557 0.0308435
558 0.0300579
559 0.0294475
560 0.0287724
561 0.0283347
562 0.0284423
563 0.0280971
564 0.0281314
565 0.02828
566 0.0276661
567 0.0280982
568 0.0274743
569 0.0279371
570 0.0279973
571 0.0280707
572 0.0278474
573 0.027518
574 0.0276165
575 0.0274462
576 0.027828
577 0.0282322
578 0.0274152
579 0.0280265
580 0.0272288
581 0.0274915
582 0.0279069
583 0.0272811
584 0.0267316
585 0.0270311
586 0.02725
587 0.0268183
588 0.0264587
589 0.0270446
590 0.0268088
591 0.0275638
592 0.0263146
593 0.0265087
594 0.0271382
595 0.0284148
596 0.0276736
597 0.0285795
598 0.028909
599 0.0294032
