#25 : [254,255], # loop13 loop15 loop17 loop19 loop9 TAD2 B
#26 : [255,256], # loop20 loop21 loop22 TAD2 B
#27 : [256,257], # loop23 TAD2 B
#28 : [257,258], # loop29 loop30 loop31 loop32 loop33 loop34 TAD2 B
#29 : [258,259], # loop35 loop36 loop37 TAD2 B
9 30
9 31
10 30
10 31
6 49
6 50
7 49
7 50
13 49
13 50
14 49
14 50
59 118
59 119
60 118
60 119
180 238
180 239
181 238
181 239
57 239
57 240
58 239
58 240
150 239
150 240
151 239
151 240
113 241
113 242
114 241
114 242
120 241
120 242
121 241
121 242
113 254 Faint
113 255 Faint
114 254 Faint
114 255 Faint
120 254 Faint
120 255 Faint
121 254 Faint
121 255 Faint
180 254 Faint
180 255 Faint
181 254 Faint
181 255 Faint
57 254 Faint
57 255 Faint
58 254 Faint
58 255 Faint
150 254 Faint
150 255 Faint
151 254 Faint
151 255 Faint
200 255 Faint
200 256 Faint
201 255 Faint
201 256 Faint
211 255 Faint
211 256 Faint
212 255 Faint
212 256 Faint
224 255 Faint
224 256 Faint
225 255 Faint
225 256 Faint
239 256 Faint
239 257 Faint
240 256 Faint
240 257 Faint
57 284
57 285
58 284
58 285
240 285
240 286
241 285
241 286
258 285 Faint
258 286 Faint
259 285 Faint
259 286 Faint
57 297
57 298
58 297
58 298
240 298
240 299
241 298
241 299
257 299 Faint
257 300 Faint
258 299 Faint
258 300 Faint
257 311 Faint
257 312 Faint
258 311 Faint
258 312 Faint
257 335 Faint
257 336 Faint
258 335 Faint
258 336 Faint
258 355 Faint
258 356 Faint
259 355 Faint
259 356 Faint
57 366
57 367
58 366
58 367
240 368
240 369
241 368
241 369
257 368 Faint
257 369 Faint
258 368 Faint
258 369 Faint
286 368
286 369
287 368
287 369
299 368
299 369
300 368
300 369
370 410
370 411
371 410
371 411
257 410 Faint
257 411 Faint
258 410 Faint
258 411 Faint
299 410
299 411
300 410
300 411
240 411
240 412
241 411
241 412
286 411
286 412
287 411
287 412
286 420
286 421
287 420
287 421
299 420
299 421
300 420
300 421
370 420
370 421
371 420
371 421
240 422
240 423
241 422
241 423
257 422 Faint
257 423 Faint
258 422 Faint
258 423 Faint
56 526
56 527
57 526
57 527
258 526 Faint
258 527 Faint
259 526 Faint
259 527 Faint
286 526
286 527
287 526
287 527
299 526
299 527
300 526
300 527
370 526
370 527
371 526
371 527
412 526
412 527
413 526
413 527
534 574
534 575
535 574
535 575
534 562
534 563
535 562
535 563
54 564
54 565
55 564
55 565
