0 0.0160161 0.0111474
1 0.0320321 0.0111474
2 0.0480482 0.0111474
3 0.0640643 0.0111474
4 0.0800804 0.0111474
5 0.0960964 0.0111474
6 0.112113 0.0111474
7 0.128129 0.0111474
8 0.144145 0.0111474
9 0.160161 0.0111474
10 0.176177 0.0111474
11 0.192193 0.0111474
12 0.208209 0.0111474
13 0.224225 0.0111474
14 0.240241 0.0111474
15 0.256257 0.0111474
16 0.272273 0.0111474
17 0.288289 0.0111474
18 0.304305 0.0111474
19 0.320321 0.0111474
20 0.336338 0.0111474
21 0.352354 0.0111474
22 0.36837 0.0111474
23 0.384386 0.0111474
24 0.400402 0.0111474
25 0.416418 0.0111474
26 0.432434 0.0111474
27 0.44845 0.0111474
28 0.464466 0.0111474
29 0.480482 0.0111474
30 0.496498 0.0111474
31 0.512514 0.0111474
32 0.52853 0.0111474
33 0.544547 0.0111474
34 0.560563 0.0111474
35 0.576579 0.0111474
36 0.592595 0.0111474
37 0.608611 0.0111474
38 0.624627 0.0111474
39 0.640643 0.0111474
40 0.656659 0.0111474
41 0.672675 0.0111474
42 0.688691 0.0111474
43 0.704707 0.0111474
44 0.720723 0.0111474
45 0.736739 0.0111474
46 0.752755 0.0111474
47 0.768772 0.0111474
48 0.784788 0.0111474
49 0.800804 0.0111474
50 0.81682 0.0111474
51 0.832836 0.0111474
52 0.848852 0.0111474
53 0.864868 0.0111474
54 0.880884 0.0111474
55 0.8969 0.0111474
56 0.912916 0.0111474
57 0.928932 0.0111474
58 0.944948 0.0111474
59 0.960964 0.0111474
60 0.97698 0.0111474
61 0.992997 0.0111474
62 1.00901 0.0111474
63 1.02503 0.0111474
64 1.04104 0.0111474
65 1.05706 0.0111474
