1 14.376
2 14.376
3 13.3682
4 6.44806
5 3.46311
6 2.25408
7 1.67128
8 1.34075
9 1.13978
10 1
11 0.906151
12 0.834267
13 0.784398
14 0.740188
15 0.709143
16 0.679449
17 0.658666
18 0.636326
19 0.621
20 0.603317
21 0.59208
22 0.575733
23 0.567269
24 0.553868
25 0.546643
26 0.533749
27 0.527398
28 0.516096
29 0.510831
30 0.499011
31 0.494341
32 0.484982
33 0.481355
34 0.470942
35 0.466875
36 0.458112
37 0.45585
38 0.446855
39 0.444573
40 0.436302
41 0.434492
42 0.42581
43 0.423912
44 0.416111
45 0.415775
46 0.407864
47 0.405822
48 0.398508
49 0.398083
50 0.390642
51 0.390074
52 0.384142
53 0.384657
54 0.377608
55 0.377292
56 0.371174
57 0.371518
58 0.365451
59 0.364667
60 0.358504
61 0.358894
62 0.352171
63 0.351541
64 0.345252
65 0.345872
66 0.339862
67 0.339957
68 0.334655
69 0.335911
70 0.330607
71 0.331833
72 0.326149
73 0.328047
74 0.321868
75 0.323009
76 0.317654
77 0.319352
78 0.313737
79 0.314496
80 0.309636
81 0.311676
82 0.305677
83 0.307336
84 0.302981
85 0.305352
86 0.299961
87 0.301567
88 0.297271
89 0.3004
90 0.295025
91 0.296606
92 0.291042
93 0.292877
94 0.286908
95 0.288445
96 0.283829
97 0.285912
98 0.281166
99 0.283027
100 0.278895
101 0.280878
102 0.276568
103 0.278594
104 0.273344
105 0.275351
106 0.270655
107 0.271878
108 0.267684
109 0.270875
110 0.266002
111 0.268173
112 0.264354
113 0.266378
114 0.262404
115 0.264919
116 0.261691
117 0.264452
118 0.259385
119 0.261836
120 0.257975
121 0.260524
122 0.255387
123 0.257534
124 0.253747
125 0.25648
126 0.251945
127 0.253988
128 0.249809
129 0.252276
130 0.247698
131 0.250178
132 0.247125
133 0.25006
134 0.245917
135 0.248649
136 0.244626
137 0.247448
138 0.243154
139 0.245138
140 0.240889
141 0.243247
142 0.238092
143 0.240608
144 0.236444
145 0.2394
146 0.234497
147 0.237416
148 0.232389
149 0.235334
150 0.231195
151 0.233412
152 0.229277
153 0.231821
154 0.22696
155 0.229118
156 0.225562
157 0.2284
158 0.224464
159 0.226948
160 0.223762
161 0.227331
162 0.223103
163 0.225139
164 0.221645
165 0.224228
166 0.219918
167 0.222821
168 0.21943
169 0.222443
170 0.218495
171 0.221129
172 0.217447
173 0.220765
174 0.216625
175 0.21912
176 0.215831
177 0.218627
178 0.213653
179 0.21652
180 0.212463
181 0.215479
182 0.211611
183 0.214341
184 0.209968
185 0.213227
186 0.209554
187 0.211648
188 0.208537
189 0.210945
190 0.207145
191 0.208859
192 0.204962
193 0.20827
194 0.204327
195 0.207058
196 0.204098
197 0.207192
198 0.202744
199 0.205712
200 0.201786
201 0.204837
202 0.200963
203 0.203056
204 0.199561
205 0.20269
206 0.198435
207 0.201407
208 0.198522
209 0.201548
210 0.197457
211 0.200202
212 0.196776
213 0.200041
214 0.19618
215 0.19845
216 0.195261
217 0.19919
218 0.195222
219 0.197176
220 0.193486
221 0.196273
222 0.192288
223 0.194638
224 0.191005
225 0.19423
226 0.19027
227 0.192117
228 0.188658
229 0.192178
230 0.188418
231 0.19035
232 0.187757
233 0.190611
234 0.187135
235 0.188929
236 0.186737
237 0.18908
238 0.185965
239 0.187972
240 0.184873
241 0.187629
242 0.184482
243 0.186372
244 0.183861
245 0.18634
246 0.18201
247 0.184722
248 0.18072
249 0.183567
250 0.179862
251 0.182471
252 0.179164
253 0.182762
254 0.179201
255 0.181229
256 0.178673
257 0.181488
258 0.177932
259 0.180102
260 0.176517
261 0.180295
262 0.177158
263 0.180054
264 0.176045
265 0.179346
266 0.176249
267 0.178343
268 0.174809
269 0.17729
270 0.17384
271 0.17698
272 0.174174
273 0.177474
274 0.174205
275 0.176932
276 0.173864
277 0.177853
278 0.174258
279 0.17661
280 0.173791
281 0.1753
282 0.171736
283 0.174651
284 0.171465
285 0.174635
286 0.171703
287 0.173984
288 0.170456
289 0.172771
290 0.169574
291 0.172328
292 0.169171
293 0.172588
294 0.169434
295 0.171664
296 0.169113
297 0.171961
298 0.168468
299 0.170541
300 0.16813
301 0.171109
302 0.16818
303 0.170242
304 0.168242
305 0.171931
306 0.167554
307 0.169453
308 0.166288
309 0.169193
310 0.166202
311 0.167967
312 0.164633
313 0.166894
314 0.163632
315 0.166239
316 0.162522
317 0.165779
318 0.162648
319 0.165166
320 0.162446
321 0.166118
322 0.163026
323 0.165165
324 0.164081
325 0.166353
326 0.162741
327 0.165475
328 0.163973
329 0.165745
330 0.162848
331 0.166086
332 0.162863
333 0.166256
334 0.162114
335 0.163958
336 0.160847
337 0.16284
338 0.160125
339 0.161677
340 0.159744
341 0.161797
342 0.158145
343 0.160005
344 0.156758
345 0.159378
346 0.15714
347 0.159103
348 0.155867
349 0.159063
350 0.156232
351 0.158688
352 0.155578
353 0.158607
354 0.15574
355 0.157588
356 0.154944
357 0.157189
358 0.154664
359 0.1573
360 0.153436
361 0.156413
362 0.15354
363 0.155541
364 0.15227
365 0.154718
366 0.151117
367 0.153327
368 0.150576
369 0.15294
370 0.149338
371 0.151798
372 0.149869
373 0.15287
374 0.149268
375 0.15078
376 0.148089
377 0.149958
378 0.147225
379 0.149331
380 0.147012
381 0.150219
382 0.147304
383 0.148649
384 0.146535
385 0.150549
386 0.14785
387 0.150287
388 0.148161
389 0.150463
390 0.148522
391 0.150671
392 0.148313
393 0.150864
394 0.146972
395 0.150679
396 0.14759
397 0.150747
398 0.147899
399 0.150425
400 0.147915
401 0.14992
402 0.147448
403 0.150964
404 0.148085
405 0.150266
406 0.147345
407 0.150429
408 0.147839
409 0.149807
410 0.146822
411 0.149351
412 0.146941
413 0.14955
414 0.14716
415 0.149223
416 0.146716
417 0.14811
418 0.145933
419 0.146277
420 0.14437
421 0.146278
422 0.144562
423 0.14703
424 0.145512
425 0.148072
426 0.144926
427 0.146916
428 0.144481
429 0.145782
430 0.143965
431 0.146017
432 0.142344
433 0.146056
434 0.144863
435 0.146034
436 0.142861
437 0.144999
438 0.142904
439 0.145883
440 0.142315
441 0.146643
442 0.143963
443 0.146698
444 0.144648
445 0.146838
446 0.142655
447 0.144458
448 0.14294
449 0.145103
450 0.141775
451 0.143771
452 0.142032
453 0.144743
454 0.142407
455 0.14345
456 0.142111
457 0.144711
458 0.142154
459 0.14566
460 0.142164
461 0.143983
462 0.141562
463 0.142216
464 0.140053
465 0.142057
466 0.139181
467 0.14178
468 0.140215
469 0.143502
470 0.140198
471 0.141912
472 0.140501
473 0.14322
474 0.14182
475 0.142999
476 0.141802
477 0.142894
478 0.142025
479 0.142609
480 0.140348
481 0.144069
482 0.141558
483 0.14233
484 0.140011
485 0.143398
486 0.141912
487 0.143513
488 0.14262
489 0.14343
490 0.142073
491 0.143336
492 0.142131
493 0.14212
494 0.139839
495 0.141976
496 0.140737
497 0.140958
498 0.138945
499 0.140977
500 0.1402
501 0.141787
502 0.139296
503 0.142915
504 0.140208
505 0.142508
506 0.140962
507 0.142963
508 0.139925
509 0.142574
510 0.13977
511 0.142795
512 0.141699
513 0.142963
514 0.141038
515 0.143342
516 0.141931
517 0.144468
518 0.142319
519 0.144941
520 0.14074
521 0.142246
522 0.139666
523 0.139847
524 0.139283
525 0.139736
526 0.140293
527 0.142278
528 0.140392
529 0.143239
530 0.141359
531 0.143448
532 0.141099
533 0.144168
534 0.144022
535 0.145552
536 0.142696
537 0.145556
538 0.143813
539 0.144384
540 0.143393
541 0.145466
542 0.144728
543 0.146645
544 0.144852
545 0.145556
546 0.144491
547 0.148369
548 0.145288
549 0.147949
550 0.146068
551 0.147587
552 0.14387
553 0.147425
554 0.146531
555 0.147351
556 0.144159
557 0.149028
558 0.146626
559 0.151317
560 0.148503
561 0.150277
562 0.148572
563 0.150776
564 0.147111
565 0.151689
566 0.149334
567 0.152392
568 0.151622
569 0.155892
570 0.152204
571 0.152146
572 0.150083
573 0.151157
574 0.151231
575 0.153163
576 0.148979
577 0.152817
578 0.153854
579 0.151176
580 0.148323
581 0.150941
582 0.147822
583 0.15022
584 0.152369
585 0.153185
586 0.147949
587 0.149167
588 0.144475
589 0.145167
590 0.146859
591 0.147251
592 0.145919
593 0.149694
594 0.149071
595 0.149495
596 0.149595
597 0.15488
598 0.161413
599 0.160665
