1 14.0364
2 14.0364
3 13.0821
4 6.39526
5 3.45781
6 2.25775
7 1.67537
8 1.34245
9 1.13983
10 1
11 0.905381
12 0.832534
13 0.782369
14 0.73791
15 0.706644
16 0.67587
17 0.656321
18 0.632839
19 0.617328
20 0.599281
21 0.58913
22 0.572797
23 0.563636
24 0.550615
25 0.543498
26 0.530924
27 0.524839
28 0.513304
29 0.508933
30 0.497296
31 0.492938
32 0.482141
33 0.479358
34 0.468869
35 0.46651
36 0.457028
37 0.454153
38 0.444486
39 0.441903
40 0.433467
41 0.432623
42 0.424772
43 0.42335
44 0.415566
45 0.415205
46 0.406956
47 0.406213
48 0.399175
49 0.399683
50 0.392489
51 0.391104
52 0.383414
53 0.383133
54 0.375223
55 0.375013
56 0.368485
57 0.368854
58 0.362273
59 0.362562
60 0.357272
61 0.35789
62 0.351513
63 0.352727
64 0.346421
65 0.3469
66 0.340778
67 0.341091
68 0.335165
69 0.336075
70 0.329961
71 0.330508
72 0.324808
73 0.326636
74 0.321147
75 0.322064
76 0.316538
77 0.318472
78 0.312214
79 0.313731
80 0.308217
81 0.309936
82 0.304327
83 0.305923
84 0.300644
85 0.302985
86 0.29756
87 0.299534
88 0.294434
89 0.296428
90 0.291218
91 0.292506
92 0.287623
93 0.29009
94 0.284539
95 0.286405
96 0.281448
97 0.283614
98 0.278615
99 0.280788
100 0.276598
101 0.279395
102 0.275159
103 0.277318
104 0.272414
105 0.274974
106 0.270325
107 0.271162
108 0.2666
109 0.269091
110 0.263688
111 0.265093
112 0.260471
113 0.262562
114 0.257766
115 0.259381
116 0.254675
117 0.256716
118 0.25151
119 0.253668
120 0.249682
121 0.251864
122 0.247141
123 0.249856
124 0.246283
125 0.248442
126 0.243354
127 0.245381
128 0.241581
129 0.244166
130 0.239736
131 0.242051
132 0.237686
133 0.240076
134 0.235151
135 0.237709
136 0.233987
137 0.236632
138 0.232759
139 0.235505
140 0.231079
141 0.233976
142 0.230004
143 0.232068
144 0.227431
145 0.229617
146 0.22508
147 0.227692
148 0.223549
149 0.226406
150 0.22239
151 0.224579
152 0.220657
153 0.223636
154 0.219535
155 0.221674
156 0.218052
157 0.220446
158 0.215759
159 0.217966
160 0.213857
161 0.216354
162 0.212101
163 0.214006
164 0.210121
165 0.212077
166 0.207763
167 0.210209
168 0.205822
169 0.20896
170 0.204808
171 0.206747
172 0.203378
173 0.205484
174 0.200956
175 0.202867
176 0.199482
177 0.202213
178 0.19822
179 0.201341
180 0.197508
181 0.199915
182 0.196465
183 0.19856
184 0.195175
185 0.198277
186 0.194359
187 0.196015
188 0.192758
189 0.194934
190 0.190623
191 0.192916
192 0.189158
193 0.191391
194 0.187703
195 0.190344
196 0.186797
197 0.189007
198 0.184823
199 0.187381
200 0.183878
201 0.185896
202 0.182745
203 0.184872
204 0.181858
205 0.184495
206 0.180486
207 0.183248
208 0.179991
209 0.181884
210 0.177914
211 0.180107
212 0.176799
213 0.179785
214 0.176612
215 0.179052
216 0.175735
217 0.17813
218 0.174777
219 0.176659
220 0.173234
221 0.17581
222 0.172254
223 0.174104
224 0.171152
225 0.173094
226 0.169237
227 0.171346
228 0.169181
229 0.171504
230 0.168177
231 0.170963
232 0.167093
233 0.16939
234 0.16565
235 0.167708
236 0.165596
237 0.168041
238 0.165338
239 0.16744
240 0.164781
241 0.166466
242 0.162741
243 0.165162
244 0.162777
245 0.165604
246 0.162726
247 0.164801
248 0.162414
249 0.164381
250 0.161521
251 0.163339
252 0.160163
253 0.161975
254 0.158179
255 0.159813
256 0.156857
257 0.15859
258 0.15554
259 0.157128
260 0.154747
261 0.156612
262 0.153441
263 0.156063
264 0.153027
265 0.155512
266 0.152334
267 0.154469
268 0.151558
269 0.153869
270 0.150402
271 0.152897
272 0.14983
273 0.151751
274 0.148182
275 0.150224
276 0.14785
277 0.150332
278 0.147703
279 0.150072
280 0.147285
281 0.150102
282 0.147078
283 0.148972
284 0.145341
285 0.147001
286 0.144155
287 0.146555
288 0.14329
289 0.146246
290 0.143488
291 0.14515
292 0.143187
293 0.145646
294 0.143083
295 0.145361
296 0.142615
297 0.144935
298 0.141301
299 0.143437
300 0.140078
301 0.142563
302 0.139387
303 0.141285
304 0.138174
305 0.14055
306 0.137139
307 0.139296
308 0.136424
309 0.139615
310 0.13618
311 0.137993
312 0.135242
313 0.13805
314 0.13549
315 0.137896
316 0.135346
317 0.138265
318 0.13529
319 0.137993
320 0.133809
321 0.135912
322 0.134156
323 0.136207
324 0.133995
325 0.13666
326 0.133825
327 0.135427
328 0.133542
329 0.13475
330 0.133084
331 0.134133
332 0.132082
333 0.132876
334 0.130981
335 0.132359
336 0.130261
337 0.133686
338 0.130243
339 0.132945
340 0.130032
341 0.132138
342 0.129486
343 0.131748
344 0.129711
345 0.13113
346 0.128784
347 0.130258
348 0.127882
349 0.129416
350 0.126836
351 0.128815
352 0.126869
353 0.127121
354 0.125241
355 0.127823
356 0.125321
357 0.12784
358 0.126111
359 0.127531
360 0.126612
361 0.127907
362 0.125033
363 0.12678
364 0.124278
365 0.125529
366 0.123281
367 0.124945
368 0.122803
369 0.123401
370 0.121859
371 0.124333
372 0.121479
373 0.123704
374 0.12147
375 0.122538
376 0.119871
377 0.12265
378 0.120354
379 0.122294
380 0.120571
381 0.122809
382 0.120968
383 0.12283
384 0.119909
385 0.121291
386 0.119356
387 0.121285
388 0.119334
389 0.120638
390 0.118326
391 0.119629
392 0.117503
393 0.118166
394 0.115488
395 0.1179
396 0.114501
397 0.116036
398 0.113665
399 0.115453
400 0.11309
401 0.115205
402 0.113526
403 0.114518
404 0.112858
405 0.114668
406 0.111887
407 0.114334
408 0.112598
409 0.113148
410 0.111466
411 0.113365
412 0.112075
413 0.113455
414 0.111839
415 0.113887
416 0.112783
417 0.114251
418 0.11122
419 0.112807
420 0.111251
421 0.113143
422 0.112703
423 0.113593
424 0.113662
425 0.114881
426 0.113345
427 0.114761
428 0.112708
429 0.114586
430 0.11161
431 0.113343
432 0.110368
433 0.112219
434 0.110018
435 0.112729
436 0.109815
437 0.111827
438 0.109958
439 0.110901
440 0.107817
441 0.111438
442 0.110428
443 0.110701
444 0.109054
445 0.110458
446 0.108843
447 0.109827
448 0.10925
449 0.110513
450 0.108659
451 0.110313
452 0.10834
453 0.109485
454 0.107188
455 0.110366
456 0.108081
457 0.108723
458 0.107115
459 0.108347
460 0.108309
461 0.109459
462 0.107659
463 0.109187
464 0.106852
465 0.109276
466 0.106624
467 0.107426
468 0.104688
469 0.108258
470 0.105294
471 0.105056
472 0.104299
473 0.106282
474 0.10432
475 0.105031
476 0.10556
477 0.105743
478 0.103768
479 0.105675
480 0.105529
481 0.105583
482 0.104952
483 0.106555
484 0.104617
485 0.107152
486 0.105163
487 0.105924
488 0.106941
489 0.107482
490 0.105662
491 0.10649
492 0.105034
493 0.107225
494 0.105064
495 0.104244
496 0.104524
497 0.105957
498 0.105427
499 0.106854
500 0.105566
501 0.105478
502 0.103523
503 0.104901
504 0.103069
505 0.103989
506 0.10391
507 0.104857
508 0.102352
509 0.105761
510 0.103331
511 0.105031
512 0.102686
513 0.105352
514 0.103054
515 0.103721
516 0.102439
517 0.104978
518 0.103125
519 0.103759
520 0.101416
521 0.101962
522 0.100061
523 0.101658
524 0.10145
525 0.103318
526 0.100957
527 0.102567
528 0.101334
529 0.10294
530 0.100425
531 0.103715
532 0.0999392
533 0.102501
534 0.100325
535 0.10212
536 0.0990873
537 0.0991233
538 0.0965716
539 0.100644
540 0.0969574
541 0.101983
542 0.0989601
543 0.101491
544 0.100575
545 0.100964
546 0.10195
547 0.100584
548 0.101561
549 0.10268
550 0.10122
551 0.102996
552 0.102164
553 0.102461
554 0.0998818
555 0.103579
556 0.100262
557 0.101032
558 0.10086
559 0.0994015
560 0.0981525
561 0.0993911
562 0.0960711
563 0.100167
564 0.0961222
565 0.096984
566 0.0939866
567 0.0940774
568 0.0950365
569 0.0965166
570 0.0976169
571 0.0974299
572 0.0966457
573 0.100035
574 0.0955921
575 0.0951478
576 0.0950766
577 0.0980176
578 0.0961935
579 0.0998843
580 0.0972518
581 0.0993575
582 0.0960627
583 0.0949657
584 0.0962404
585 0.0949716
586 0.0962245
587 0.0951895
588 0.0960103
589 0.0968671
590 0.0936455
591 0.0986393
592 0.0994044
593 0.102875
594 0.102388
595 0.101755
596 0.100879
597 0.100003
598 0.102242
599 0.102242
