0 2.31545
1 4.5526
2 3.20864
3 2.42235
4 1.96403
5 1.66088
6 1.45257
7 1.28647
8 1.17195
9 1.0781
10 1
11 0.932047
12 0.885423
13 0.84185
14 0.801193
15 0.761463
16 0.732234
17 0.711527
18 0.686793
19 0.668131
20 0.650662
21 0.629453
22 0.617437
23 0.594006
24 0.583815
25 0.574197
26 0.565249
27 0.545641
28 0.538945
29 0.53057
30 0.524431
31 0.511322
32 0.506389
33 0.494051
34 0.485275
35 0.476622
36 0.473764
37 0.46944
38 0.461657
39 0.455866
40 0.445006
41 0.442685
42 0.438043
43 0.430198
44 0.422123
45 0.421089
46 0.409716
47 0.403688
48 0.405933
49 0.397822
50 0.394008
51 0.387919
52 0.38314
53 0.379789
54 0.377018
55 0.37183
56 0.373025
57 0.365967
58 0.36382
59 0.357317
60 0.358311
61 0.357475
62 0.347312
63 0.350249
64 0.34062
65 0.34513
66 0.336319
67 0.336194
68 0.327816
69 0.329271
70 0.326437
71 0.325887
72 0.323242
73 0.320252
74 0.320394
75 0.316107
76 0.316639
77 0.313013
78 0.314268
79 0.303743
80 0.305461
81 0.304419
82 0.307806
83 0.299968
84 0.299251
85 0.29827
86 0.301256
87 0.297886
88 0.295038
89 0.289387
90 0.295567
91 0.288999
92 0.288104
93 0.285529
94 0.287778
95 0.283248
96 0.283552
97 0.282639
98 0.275907
99 0.275654
100 0.27527
101 0.276138
102 0.27184
103 0.2744
104 0.276441
105 0.27506
106 0.271796
107 0.270233
108 0.268295
109 0.266805
110 0.267746
111 0.264253
112 0.26489
113 0.262237
114 0.261354
115 0.259795
116 0.261997
117 0.255146
118 0.254119
119 0.253291
120 0.24954
121 0.250073
122 0.257609
123 0.249692
124 0.246174
125 0.246999
126 0.246075
127 0.243613
128 0.242434
129 0.241021
130 0.239895
131 0.237824
132 0.237778
133 0.237741
134 0.237708
135 0.236144
136 0.237671
137 0.232654
138 0.23412
139 0.232848
140 0.231607
141 0.229482
142 0.230266
143 0.2273
144 0.228107
145 0.22651
146 0.226945
147 0.226089
148 0.226003
149 0.227243
150 0.22274
151 0.22056
152 0.220019
153 0.22082
154 0.219756
155 0.216864
156 0.215748
157 0.213835
158 0.214137
159 0.21079
160 0.213386
161 0.216656
162 0.20885
163 0.211313
164 0.213649
165 0.211081
166 0.208135
167 0.210088
168 0.209431
169 0.204083
170 0.211534
171 0.202074
172 0.20659
173 0.202429
174 0.20338
175 0.199747
176 0.204207
177 0.204472
178 0.198723
179 0.200274
180 0.200223
181 0.201791
182 0.200368
183 0.200107
184 0.196223
185 0.194517
186 0.190825
187 0.196836
188 0.192732
189 0.19259
190 0.191321
191 0.193392
192 0.191584
193 0.196324
194 0.191525
195 0.191383
196 0.190636
197 0.187561
198 0.186143
199 0.190015
200 0.190071
201 0.186852
202 0.184264
203 0.181931
204 0.18374
205 0.181033
206 0.182246
207 0.178145
208 0.181932
209 0.178249
210 0.176983
211 0.183332
212 0.17813
213 0.17893
214 0.180061
215 0.178987
216 0.175943
217 0.176549
218 0.178895
219 0.17518
220 0.17608
221 0.178839
222 0.178108
223 0.172749
224 0.174669
225 0.17075
226 0.172567
227 0.172774
228 0.176642
229 0.174185
230 0.17277
231 0.17047
232 0.171054
233 0.169257
234 0.169234
235 0.170695
236 0.169814
237 0.169073
238 0.16964
239 0.171988
240 0.168144
241 0.166943
242 0.165258
243 0.162408
244 0.168787
245 0.163928
246 0.164721
247 0.167937
248 0.160948
249 0.163093
250 0.166673
251 0.16129
252 0.159498
253 0.161488
254 0.159882
255 0.162591
256 0.16091
257 0.160144
258 0.156558
259 0.158703
260 0.159892
261 0.159375
262 0.158317
263 0.154766
264 0.159097
265 0.156544
266 0.152613
267 0.154974
268 0.157054
269 0.153793
270 0.154426
271 0.15251
272 0.15547
273 0.151791
274 0.149174
275 0.157201
276 0.156069
277 0.151141
278 0.150682
279 0.154055
280 0.149285
281 0.15157
282 0.156652
283 0.154746
284 0.148686
285 0.15314
286 0.15081
287 0.151173
288 0.14729
289 0.15004
290 0.14791
291 0.150726
292 0.144867
293 0.14519
294 0.144524
295 0.147006
296 0.146512
297 0.145676
298 0.144576
299 0.143719
300 0.145539
301 0.148789
302 0.141824
303 0.145224
304 0.144938
305 0.148593
306 0.150243
307 0.143472
308 0.14674
309 0.141817
310 0.143262
311 0.143149
312 0.141916
313 0.140727
314 0.142783
315 0.141223
316 0.141289
317 0.142494
318 0.139946
319 0.140378
320 0.141388
321 0.142523
322 0.140191
323 0.139918
324 0.140148
325 0.139289
326 0.143046
327 0.142928
328 0.137056
329 0.133348
330 0.133888
331 0.135822
332 0.133604
333 0.137874
334 0.132256
335 0.135878
336 0.131099
337 0.139006
338 0.134322
339 0.12849
340 0.133101
341 0.135
342 0.132549
343 0.134646
344 0.135338
345 0.134485
346 0.133156
347 0.135396
348 0.130421
349 0.138046
350 0.133712
351 0.13428
352 0.132792
353 0.133132
354 0.133114
355 0.131449
356 0.135813
357 0.13194
358 0.133023
359 0.129201
360 0.134167
361 0.128365
362 0.131071
363 0.129248
364 0.129951
365 0.131354
366 0.12719
367 0.128262
368 0.128866
369 0.133971
370 0.124029
371 0.127496
372 0.121324
373 0.129243
374 0.125956
375 0.129116
376 0.132117
377 0.123586
378 0.127944
379 0.130502
380 0.126905
381 0.126195
382 0.126994
383 0.123469
384 0.128175
385 0.126646
386 0.125541
387 0.127471
388 0.123289
389 0.12558
390 0.128116
391 0.12868
392 0.123042
393 0.125881
394 0.124649
395 0.12194
396 0.124483
397 0.123178
398 0.123849
399 0.123047
400 0.122428
401 0.12306
402 0.118635
403 0.125897
404 0.122666
405 0.123758
406 0.121648
407 0.122402
408 0.124246
409 0.129025
410 0.123607
411 0.122391
412 0.121242
413 0.125782
414 0.120471
415 0.126898
416 0.125572
417 0.119197
418 0.125082
419 0.116464
420 0.121091
421 0.119842
422 0.121251
423 0.119514
424 0.120091
425 0.119987
426 0.119165
427 0.120718
428 0.117939
429 0.120489
430 0.124827
431 0.119649
432 0.123859
433 0.121349
434 0.120135
435 0.122228
436 0.122598
437 0.11679
438 0.121524
439 0.112603
440 0.116434
441 0.118073
442 0.118244
443 0.115606
444 0.121615
445 0.119914
446 0.117707
447 0.12502
448 0.115831
449 0.120355
450 0.115193
451 0.119522
452 0.114251
453 0.117039
454 0.121404
455 0.118625
456 0.116528
457 0.117797
458 0.118873
459 0.118891
460 0.115673
461 0.113805
462 0.117066
463 0.114309
464 0.121645
465 0.117959
466 0.125187
467 0.113968
468 0.116192
469 0.11841
470 0.121021
471 0.118286
472 0.119923
473 0.123809
474 0.112971
475 0.10976
476 0.116271
477 0.112258
478 0.112144
479 0.110924
480 0.115194
481 0.106488
482 0.115967
483 0.109684
484 0.115182
485 0.115106
486 0.107827
487 0.10618
488 0.109353
489 0.11043
490 0.108164
491 0.110654
492 0.11224
493 0.106205
494 0.108968
495 0.109121
496 0.104274
497 0.107411
498 0.108693
499 0.104098
500 0.104655
501 0.107196
502 0.106209
503 0.10649
504 0.112336
505 0.115581
506 0.110523
507 0.109425
508 0.104593
509 0.114303
510 0.111172
511 0.106833
512 0.114738
513 0.106083
514 0.108257
515 0.107296
516 0.10763
517 0.109661
518 0.106576
519 0.112423
520 0.107697
521 0.104245
522 0.106045
523 0.105161
524 0.09658
525 0.108301
526 0.104416
527 0.101379
528 0.10379
529 0.105792
530 0.104217
531 0.0964394
532 0.102097
533 0.0962203
534 0.101317
535 0.0990109
536 0.0975538
537 0.103533
538 0.099024
539 0.0970602
540 0.105049
541 0.0989355
542 0.0988407
543 0.0994189
544 0.0966584
545 0.104871
546 0.0999348
547 0.103069
548 0.0975095
549 0.0982606
550 0.0946724
551 0.101096
552 0.107885
553 0.0950061
554 0.0951901
555 0.0957159
556 0.101017
557 0.0959645
558 0.09614
559 0.0955193
560 0.0946539
561 0.10007
562 0.0925149
563 0.0920725
564 0.0864939
565 0.085695
566 0.0994765
567 0.0964385
568 0.0913233
569 0.0835863
570 0.0920632
571 0.0830888
572 0.0743386
573 0.0748457
574 0.0823014
575 0.0862289
576 0.0782224
577 0.0810539
578 0.0796947
579 0.0758866
580 0.0702714
581 0.07655
582 0.0652613
583 0.0809172
584 0.0772519
585 0.0711544
586 0.0768444
587 0.0775045
588 0.0759839
589 0.0700419
590 0.0814223
591 0.0675862
592 0.0628761
593 0.0568439
594 0.0567352
595 0.0715042
596 0.073017
597 0.0763995
598 0.0720142
599 0.0552515
