0 2.5181
1 5.3347
2 3.64793
3 2.66197
4 2.09088
5 1.74063
6 1.49905
7 1.32333
8 1.1916
9 1.08649
10 1
11 0.924369
12 0.875889
13 0.827429
14 0.785801
15 0.745523
16 0.709526
17 0.687126
18 0.656216
19 0.639284
20 0.626118
21 0.59803
22 0.585379
23 0.568866
24 0.556646
25 0.539518
26 0.534024
27 0.51898
28 0.508356
29 0.499221
30 0.489214
31 0.477109
32 0.471731
33 0.459481
34 0.451468
35 0.443233
36 0.436784
37 0.43368
38 0.425073
39 0.414906
40 0.409926
41 0.406593
42 0.401702
43 0.395322
44 0.386557
45 0.382466
46 0.377426
47 0.371566
48 0.364798
49 0.363917
50 0.356897
51 0.350414
52 0.345604
53 0.343446
54 0.341275
55 0.337991
56 0.332415
57 0.327329
58 0.328704
59 0.324936
60 0.322149
61 0.317211
62 0.31405
63 0.312701
64 0.308206
65 0.305544
66 0.303434
67 0.301992
68 0.296589
69 0.294858
70 0.293312
71 0.290617
72 0.286399
73 0.285187
74 0.283018
75 0.281379
76 0.282188
77 0.281191
78 0.275692
79 0.272602
80 0.272658
81 0.271526
82 0.270279
83 0.267152
84 0.267652
85 0.267147
86 0.263082
87 0.260043
88 0.26184
89 0.260576
90 0.259592
91 0.25602
92 0.255969
93 0.254924
94 0.255894
95 0.250848
96 0.250507
97 0.248631
98 0.248233
99 0.245563
100 0.243782
101 0.24737
102 0.243168
103 0.243184
104 0.244011
105 0.241839
106 0.238672
107 0.238027
108 0.236588
109 0.235921
110 0.23499
111 0.236836
112 0.232729
113 0.232645
114 0.233345
115 0.23188
116 0.228564
117 0.228947
118 0.227257
119 0.227096
120 0.224981
121 0.224872
122 0.223744
123 0.22461
124 0.2218
125 0.219916
126 0.21963
127 0.219382
128 0.217862
129 0.214425
130 0.216797
131 0.215151
132 0.21252
133 0.213198
134 0.211014
135 0.210323
136 0.210449
137 0.207949
138 0.20803
139 0.207781
140 0.208541
141 0.206531
142 0.205521
143 0.203707
144 0.205644
145 0.204331
146 0.202033
147 0.202183
148 0.200459
149 0.198965
150 0.200165
151 0.198527
152 0.197829
153 0.198822
154 0.194962
155 0.197313
156 0.194029
157 0.194
158 0.192808
159 0.191348
160 0.193562
161 0.192121
162 0.193358
163 0.190742
164 0.193133
165 0.18713
166 0.189354
167 0.190104
168 0.187552
169 0.188206
170 0.187659
171 0.184962
172 0.185985
173 0.18757
174 0.18647
175 0.185247
176 0.185462
177 0.182475
178 0.182143
179 0.182415
180 0.182478
181 0.180373
182 0.181183
183 0.180391
184 0.178315
185 0.178072
186 0.179031
187 0.178621
188 0.177501
189 0.177015
190 0.178182
191 0.177697
192 0.17468
193 0.176807
194 0.177752
195 0.174403
196 0.173959
197 0.175616
198 0.17518
199 0.173131
200 0.171844
201 0.171643
202 0.169693
203 0.168469
204 0.168755
205 0.170491
206 0.168705
207 0.167827
208 0.168479
209 0.166117
210 0.164543
211 0.163734
212 0.164681
213 0.163403
214 0.165229
215 0.164123
216 0.165225
217 0.165573
218 0.164573
219 0.162238
220 0.162123
221 0.160685
222 0.162408
223 0.162167
224 0.160389
225 0.157243
226 0.157921
227 0.1604
228 0.160808
229 0.158599
230 0.15888
231 0.160396
232 0.158225
233 0.156182
234 0.15695
235 0.158456
236 0.156583
237 0.156474
238 0.153862
239 0.156553
240 0.156084
241 0.155281
242 0.154835
243 0.155815
244 0.153713
245 0.153573
246 0.154437
247 0.151508
248 0.152164
249 0.150682
250 0.1517
251 0.152357
252 0.151779
253 0.149005
254 0.15119
255 0.149996
256 0.148537
257 0.14875
258 0.149114
259 0.150048
260 0.148021
261 0.149783
262 0.14903
263 0.147121
264 0.147074
265 0.147747
266 0.148589
267 0.146736
268 0.148488
269 0.144702
270 0.147964
271 0.147036
272 0.14452
273 0.144733
274 0.145552
275 0.144815
276 0.14806
277 0.142506
278 0.143342
279 0.144528
280 0.141597
281 0.142858
282 0.141315
283 0.14405
284 0.142325
285 0.140436
286 0.141916
287 0.14187
288 0.14273
289 0.141757
290 0.14047
291 0.140134
292 0.138862
293 0.139588
294 0.140707
295 0.140583
296 0.138028
297 0.139441
298 0.139133
299 0.137138
300 0.138782
301 0.13946
302 0.139201
303 0.13939
304 0.13774
305 0.136575
306 0.136487
307 0.137932
308 0.138618
309 0.136059
310 0.135838
311 0.137386
312 0.133737
313 0.132785
314 0.137121
315 0.135264
316 0.135332
317 0.135667
318 0.134881
319 0.134596
320 0.134489
321 0.134183
322 0.132004
323 0.133311
324 0.134267
325 0.132966
326 0.13269
327 0.134516
328 0.131139
329 0.132942
330 0.131462
331 0.129933
332 0.128491
333 0.133117
334 0.132262
335 0.13059
336 0.129429
337 0.129987
338 0.131285
339 0.129696
340 0.129082
341 0.129259
342 0.130304
343 0.131257
344 0.128822
345 0.128253
346 0.127015
347 0.128137
348 0.127685
349 0.12768
350 0.129633
351 0.128712
352 0.126723
353 0.12719
354 0.125017
355 0.127817
356 0.126369
357 0.127172
358 0.12743
359 0.122837
360 0.126706
361 0.125726
362 0.12511
363 0.12562
364 0.122949
365 0.127036
366 0.126244
367 0.124554
368 0.126093
369 0.125224
370 0.120443
371 0.122939
372 0.123248
373 0.124316
374 0.122282
375 0.120043
376 0.122167
377 0.122336
378 0.119569
379 0.124709
380 0.11931
381 0.118477
382 0.12083
383 0.12177
384 0.122081
385 0.123141
386 0.120273
387 0.12312
388 0.117623
389 0.120454
390 0.119047
391 0.119847
392 0.11805
393 0.11888
394 0.118423
395 0.120036
396 0.119813
397 0.119795
398 0.116316
399 0.121393
400 0.122092
401 0.117866
402 0.118886
403 0.120268
404 0.115709
405 0.115307
406 0.116177
407 0.122965
408 0.118806
409 0.118951
410 0.1187
411 0.117972
412 0.115815
413 0.115612
414 0.113478
415 0.116343
416 0.116073
417 0.11497
418 0.114117
419 0.114259
420 0.114994
421 0.11365
422 0.113892
423 0.111716
424 0.115375
425 0.117139
426 0.11586
427 0.11342
428 0.110913
429 0.114337
430 0.114944
431 0.114805
432 0.110723
433 0.112295
434 0.110626
435 0.112113
436 0.112372
437 0.110404
438 0.114465
439 0.114432
440 0.110921
441 0.112944
442 0.1122
443 0.109979
444 0.108729
445 0.105619
446 0.108237
447 0.110156
448 0.10713
449 0.107412
450 0.10942
451 0.107715
452 0.107051
453 0.108439
454 0.109554
455 0.106621
456 0.108763
457 0.107841
458 0.109161
459 0.107447
460 0.106489
461 0.111284
462 0.109921
463 0.109429
464 0.109632
465 0.104483
466 0.1124
467 0.108379
468 0.110817
469 0.106482
470 0.106373
471 0.107156
472 0.107029
473 0.108799
474 0.108989
475 0.103346
476 0.101925
477 0.100657
478 0.100635
479 0.0996514
480 0.101463
481 0.100485
482 0.099
483 0.0969754
484 0.0983174
485 0.0978662
486 0.0971365
487 0.0998267
488 0.0996645
489 0.0941923
490 0.0951888
491 0.0965565
492 0.0995904
493 0.0968331
494 0.0956137
495 0.0962221
496 0.0916417
497 0.098428
498 0.0962941
499 0.0945393
500 0.0929491
501 0.0956506
502 0.0957501
503 0.0973147
504 0.092539
505 0.0978859
506 0.0975146
507 0.0964811
508 0.0945016
509 0.0920976
510 0.0983986
511 0.0988751
512 0.0943464
513 0.093259
514 0.0959336
515 0.0898361
516 0.0946132
517 0.0955872
518 0.0935125
519 0.0921383
520 0.0917906
521 0.0930168
522 0.0907732
523 0.0922809
524 0.0901274
525 0.0913338
526 0.0867317
527 0.08721
528 0.0918424
529 0.0863199
530 0.0862381
531 0.0855451
532 0.0858368
533 0.0857781
534 0.0849471
535 0.0844811
536 0.0851415
537 0.0866412
538 0.0910744
539 0.0861023
540 0.0832956
541 0.0857138
542 0.0885625
543 0.0857612
544 0.0848539
545 0.0812646
546 0.0842018
547 0.0870281
548 0.0810988
549 0.0830748
550 0.0829653
551 0.0793231
552 0.0853434
553 0.0807798
554 0.0871404
555 0.0789214
556 0.0810005
557 0.0828053
558 0.0773616
559 0.0768105
560 0.0823563
561 0.0829292
562 0.0778456
563 0.078854
564 0.0757811
565 0.0806621
566 0.0772633
567 0.0732709
568 0.0755011
569 0.0722643
570 0.071672
571 0.0746472
572 0.0665309
573 0.0686485
574 0.0644349
575 0.0652389
576 0.0708723
577 0.0609384
578 0.059745
579 0.0660701
580 0.0653436
581 0.0678074
582 0.0655339
583 0.0573895
584 0.061953
585 0.0634313
586 0.0597741
587 0.059165
588 0.0600531
589 0.0600627
590 0.0623168
591 0.0628347
592 0.0606956
593 0.063672
594 0.0633111
595 0.0532207
596 0.0630624
597 0.0476042
598 0.0627617
599 0.0415964
