0 1.94151
1 4.09489
2 3.01272
3 2.3594
4 1.93472
5 1.64527
6 1.46278
7 1.29166
8 1.17184
9 1.07336
10 1
11 0.944116
12 0.875356
13 0.826572
14 0.799123
15 0.773254
16 0.717603
17 0.690611
18 0.675434
19 0.661562
20 0.642134
21 0.617837
22 0.599142
23 0.583559
24 0.566656
25 0.558273
26 0.548023
27 0.524359
28 0.526759
29 0.515947
30 0.509855
31 0.496946
32 0.486035
33 0.481173
34 0.451637
35 0.44757
36 0.448558
37 0.444978
38 0.434853
39 0.414974
40 0.419575
41 0.407587
42 0.404059
43 0.400759
44 0.394233
45 0.391958
46 0.373558
47 0.372837
48 0.358581
49 0.361261
50 0.350366
51 0.345326
52 0.337734
53 0.331703
54 0.328561
55 0.317488
56 0.321085
57 0.315946
58 0.322472
59 0.309857
60 0.312813
61 0.305121
62 0.2992
63 0.294492
64 0.292419
65 0.285331
66 0.275468
67 0.282332
68 0.266191
69 0.270131
70 0.266851
71 0.26042
72 0.261423
73 0.263003
74 0.258593
75 0.254031
76 0.246275
77 0.245576
78 0.245342
79 0.241128
80 0.238835
81 0.236903
82 0.236273
83 0.234747
84 0.232989
85 0.228958
86 0.225913
87 0.222167
88 0.216381
89 0.225453
90 0.21416
91 0.21885
92 0.221803
93 0.210694
94 0.212562
95 0.213004
96 0.208058
97 0.214721
98 0.206041
99 0.200406
100 0.198235
101 0.197363
102 0.209393
103 0.198659
104 0.195937
105 0.197261
106 0.19366
107 0.193406
108 0.186634
109 0.188973
110 0.18846
111 0.181085
112 0.18327
113 0.177963
114 0.182352
115 0.177165
116 0.188993
117 0.183785
118 0.173958
119 0.170508
120 0.173059
121 0.167023
122 0.171701
123 0.166704
124 0.165106
125 0.16249
126 0.159997
127 0.162834
128 0.160476
129 0.165804
130 0.162023
131 0.162794
132 0.159678
133 0.156794
134 0.154284
135 0.154551
136 0.154493
137 0.158497
138 0.15742
139 0.149237
140 0.152786
141 0.147064
142 0.150345
143 0.143738
144 0.143837
145 0.143713
146 0.143904
147 0.143722
148 0.142998
149 0.148606
150 0.145919
151 0.147178
152 0.137225
153 0.138435
154 0.136961
155 0.142584
156 0.139065
157 0.140896
158 0.139687
159 0.131645
160 0.139311
161 0.130765
162 0.130229
163 0.134296
164 0.129883
165 0.128012
166 0.130636
167 0.135102
168 0.132216
169 0.132801
170 0.127889
171 0.127801
172 0.129026
173 0.132547
174 0.123075
175 0.126637
176 0.126965
177 0.1216
178 0.119399
179 0.124137
180 0.1226
181 0.124723
182 0.125171
183 0.122609
184 0.129409
185 0.11417
186 0.120292
187 0.11933
188 0.116891
189 0.121506
190 0.121397
191 0.11358
192 0.127429
193 0.119149
194 0.121802
195 0.117811
196 0.120325
197 0.115758
198 0.115547
199 0.121456
200 0.116055
201 0.116187
202 0.112375
203 0.109571
204 0.121059
205 0.114085
206 0.112395
207 0.108148
208 0.108833
209 0.118827
210 0.112767
211 0.107247
212 0.108573
213 0.112644
214 0.11143
215 0.109692
216 0.111331
217 0.106838
218 0.113134
219 0.105726
220 0.107823
221 0.112914
222 0.104212
223 0.109853
224 0.102781
225 0.106424
226 0.10357
227 0.10426
228 0.10468
229 0.0991615
230 0.0997949
231 0.109196
232 0.105602
233 0.110057
234 0.106531
235 0.103836
236 0.104757
237 0.0958443
238 0.0961801
239 0.103063
240 0.0967956
241 0.094735
242 0.0967335
243 0.099623
244 0.100845
245 0.0995644
246 0.0956031
247 0.103109
248 0.094465
249 0.10361
250 0.104787
251 0.0979492
252 0.0951072
253 0.0995603
254 0.0980896
255 0.106067
256 0.0919189
257 0.0936245
258 0.0922636
259 0.0920777
260 0.0968055
261 0.0973177
262 0.100573
263 0.0955514
264 0.0979168
265 0.0867766
266 0.0932856
267 0.0929933
268 0.0958584
269 0.0948039
270 0.0973043
271 0.0949217
272 0.0938034
273 0.0879079
274 0.0912555
275 0.0892102
276 0.0901644
277 0.0944328
278 0.0915967
279 0.0871122
280 0.0859494
281 0.0850294
282 0.0868879
283 0.0954223
284 0.0892336
285 0.0872385
286 0.0828445
287 0.0876809
288 0.0906007
289 0.0908152
290 0.0848095
291 0.0880307
292 0.0941849
293 0.086262
294 0.0850107
295 0.08955
296 0.0875464
297 0.0835816
298 0.0878982
299 0.0874592
300 0.0877861
301 0.0805063
302 0.0861157
303 0.0842075
304 0.0877045
305 0.0827077
306 0.0810019
307 0.089694
308 0.0835447
309 0.0846381
310 0.0810849
311 0.0836888
312 0.0832824
313 0.0848568
314 0.0876493
315 0.0872716
316 0.0836492
317 0.0831267
318 0.0882909
319 0.0808796
320 0.0838162
321 0.0794949
322 0.0809664
323 0.0803046
324 0.078726
325 0.0858891
326 0.0830935
327 0.0900675
328 0.0831338
329 0.0751792
330 0.0792032
331 0.0793412
332 0.0737025
333 0.0798195
334 0.0813015
335 0.0748926
336 0.077428
337 0.0751835
338 0.0792209
339 0.081254
340 0.0804205
341 0.0736651
342 0.078274
343 0.0752986
344 0.0765751
345 0.0797618
346 0.0755161
347 0.0762746
348 0.0752082
349 0.0677456
350 0.0746842
351 0.0722859
352 0.0717706
353 0.0761866
354 0.0800744
355 0.0745709
356 0.0780979
357 0.0750272
358 0.0752589
359 0.0722993
360 0.0733842
361 0.0685889
362 0.0690047
363 0.0744824
364 0.0695998
365 0.0723547
366 0.0679263
367 0.0745809
368 0.0688204
369 0.0747036
370 0.0722032
371 0.0734408
372 0.0689865
373 0.0685179
374 0.0658503
375 0.0677515
376 0.069814
377 0.0717764
378 0.0676258
379 0.0666677
380 0.0685515
381 0.0612333
382 0.0662454
383 0.0645732
384 0.0635247
385 0.0595679
386 0.0677105
387 0.0666304
388 0.0608005
389 0.0663828
390 0.0758317
391 0.0621135
392 0.0687277
393 0.0641289
394 0.0678881
395 0.0642092
396 0.0703421
397 0.0718406
398 0.0704507
399 0.0679812
400 0.0657338
401 0.0669224
402 0.0706828
403 0.0604286
404 0.0640082
405 0.0626324
406 0.0639068
407 0.0641292
408 0.0610892
409 0.0608978
410 0.0571454
411 0.0642788
412 0.0688374
413 0.066916
414 0.0620344
415 0.0592214
416 0.0620037
417 0.0610381
418 0.0651903
419 0.0615524
420 0.0749281
421 0.0648829
422 0.0722745
423 0.0598842
424 0.0579922
425 0.0640495
426 0.0668821
427 0.0646647
428 0.0603368
429 0.0550292
430 0.0600051
431 0.0617395
432 0.0560787
433 0.0592353
434 0.0661664
435 0.0669522
436 0.0621081
437 0.05898
438 0.0650919
439 0.0590665
440 0.0595029
441 0.0571582
442 0.0634478
443 0.0606708
444 0.0557293
445 0.0560131
446 0.0601617
447 0.0637477
448 0.0620422
449 0.0484531
450 0.0541349
451 0.0590661
452 0.0526691
453 0.0551811
454 0.061596
455 0.057307
456 0.0587668
457 0.0530586
458 0.0510516
459 0.0588752
460 0.0512081
461 0.0615724
462 0.0616109
463 0.0549713
464 0.0595071
465 0.0559482
466 0.0534308
467 0.0582477
468 0.0590521
469 0.0589618
470 0.05324
471 0.0578047
472 0.0517187
473 0.05641
474 0.0539987
475 0.0526852
476 0.0515419
477 0.0548478
478 0.0559854
479 0.0552147
480 0.0581558
481 0.0549755
482 0.0559138
483 0.0538819
484 0.0517531
485 0.0534758
486 0.0542031
487 0.0556734
488 0.0495263
489 0.050649
490 0.0459143
491 0.0505082
492 0.0545425
493 0.0506055
494 0.0521734
495 0.0487912
496 0.0490212
497 0.0470486
498 0.059202
499 0.0575016
500 0.0595208
501 0.0556766
502 0.044654
503 0.0520159
504 0.0463158
505 0.0478802
506 0.0527558
507 0.046199
508 0.0587337
509 0.054925
510 0.0602384
511 0.049667
512 0.0547109
513 0.0510534
514 0.0515067
515 0.048605
516 0.0513301
517 0.0532464
518 0.0565237
519 0.0502012
520 0.0543556
521 0.0467185
522 0.0556398
523 0.0579725
524 0.0478681
525 0.0555785
526 0.0625616
527 0.0649129
528 0.0604485
529 0.0554177
530 0.0565275
531 0.0613054
532 0.0485582
533 0.0541254
534 0.0415151
535 0.0452656
536 0.0493316
537 0.0602017
538 0.0549162
539 0.0554221
540 0.0555677
541 0.0475138
542 0.0552564
543 0.0608246
544 0.0430956
545 0.0602558
546 0.0613702
547 0.0588005
548 0.0644863
549 0.053751
550 0.0380846
551 0.0552864
552 0.060653
553 0.0539828
554 0.0575087
555 0.0569668
556 0.0473386
557 0.0538143
558 0.0545351
559 0.0574942
560 0.0470979
561 0.0549333
562 0.0531048
563 0.0537995
564 0.034647
565 0.0673329
566 0.0596972
567 0.0457899
568 0.0455157
569 0.046198
570 0.0515501
571 0.0487678
572 0.0543248
573 0.0379011
574 0.0432177
575 0.0378485
576 0.0391219
577 0.0397166
578 0.0458478
579 0.0475885
580 0.042161
581 0.0518995
582 0.0617427
583 0.0533818
584 0.0552367
585 0.0402802
586 0.0418014
587 0.044174
588 0.0533066
589 0.0854551
590 0.0748076
591 0.0518703
592 0.0376058
593 0.0390344
594 0.0567814
595 0.0386147
596 0.049451
597 0.0611624
598 0.0376785
599 0.0277235
