0 2.54039
1 4.88376
2 3.36651
3 2.46784
4 1.98718
5 1.66718
6 1.45739
7 1.29679
8 1.16936
9 1.07637
10 1
11 0.934426
12 0.882177
13 0.846706
14 0.802334
15 0.752745
16 0.727106
17 0.702564
18 0.676702
19 0.664074
20 0.647239
21 0.622513
22 0.601622
23 0.598707
24 0.576748
25 0.561411
26 0.556886
27 0.543096
28 0.535445
29 0.516913
30 0.507174
31 0.500138
32 0.494863
33 0.486089
34 0.474878
35 0.463666
36 0.469739
37 0.454225
38 0.445528
39 0.435225
40 0.433047
41 0.433366
42 0.42313
43 0.420919
44 0.416754
45 0.41147
46 0.396925
47 0.39224
48 0.386759
49 0.382773
50 0.381868
51 0.370778
52 0.372091
53 0.365951
54 0.354235
55 0.355447
56 0.357834
57 0.345112
58 0.348895
59 0.345898
60 0.339985
61 0.343284
62 0.334683
63 0.325368
64 0.32361
65 0.31733
66 0.32495
67 0.322013
68 0.314773
69 0.309511
70 0.306428
71 0.302018
72 0.302459
73 0.303605
74 0.299604
75 0.296205
76 0.293542
77 0.289552
78 0.291184
79 0.288566
80 0.281739
81 0.288012
82 0.285198
83 0.281778
84 0.277698
85 0.279184
86 0.270849
87 0.275423
88 0.269791
89 0.269545
90 0.269891
91 0.266298
92 0.258815
93 0.266085
94 0.264102
95 0.262975
96 0.264778
97 0.256837
98 0.253527
99 0.252615
100 0.251533
101 0.255731
102 0.254911
103 0.247836
104 0.249109
105 0.247918
106 0.242095
107 0.243348
108 0.243951
109 0.24142
110 0.240534
111 0.238758
112 0.241455
113 0.23492
114 0.233129
115 0.237774
116 0.239239
117 0.228815
118 0.232196
119 0.232532
120 0.229677
121 0.231598
122 0.228137
123 0.232586
124 0.222512
125 0.219441
126 0.220339
127 0.222217
128 0.219907
129 0.216259
130 0.217431
131 0.211963
132 0.214848
133 0.217618
134 0.217449
135 0.211848
136 0.207578
137 0.206659
138 0.207713
139 0.206986
140 0.206967
141 0.206382
142 0.207668
143 0.205658
144 0.200635
145 0.204343
146 0.19952
147 0.205184
148 0.202009
149 0.198463
150 0.201979
151 0.197809
152 0.200666
153 0.195923
154 0.195412
155 0.196227
156 0.198699
157 0.19577
158 0.195684
159 0.191706
160 0.189699
161 0.191569
162 0.189045
163 0.1952
164 0.192008
165 0.191885
166 0.189245
167 0.184922
168 0.186555
169 0.186968
170 0.186156
171 0.18164
172 0.185472
173 0.178349
174 0.182969
175 0.179005
176 0.179368
177 0.182371
178 0.179292
179 0.179543
180 0.178781
181 0.1747
182 0.177804
183 0.177779
184 0.178597
185 0.17294
186 0.174856
187 0.177244
188 0.17295
189 0.174395
190 0.172737
191 0.172533
192 0.17414
193 0.171322
194 0.172478
195 0.171298
196 0.17141
197 0.167971
198 0.170308
199 0.170197
200 0.173005
201 0.161108
202 0.164117
203 0.166525
204 0.164368
205 0.161496
206 0.164725
207 0.164255
208 0.16033
209 0.159029
210 0.157208
211 0.158538
212 0.154894
213 0.157741
214 0.158935
215 0.155804
216 0.158341
217 0.157775
218 0.158479
219 0.159318
220 0.157084
221 0.156952
222 0.154996
223 0.153892
224 0.153379
225 0.153292
226 0.151683
227 0.151417
228 0.153869
229 0.154753
230 0.149932
231 0.159116
232 0.147582
233 0.155597
234 0.148568
235 0.147667
236 0.151256
237 0.153943
238 0.148069
239 0.150128
240 0.146903
241 0.143928
242 0.143043
243 0.147558
244 0.148302
245 0.146533
246 0.146784
247 0.1482
248 0.147984
249 0.143038
250 0.149529
251 0.141767
252 0.13984
253 0.143665
254 0.140868
255 0.142705
256 0.136262
257 0.139116
258 0.145124
259 0.142501
260 0.140086
261 0.138453
262 0.135503
263 0.139965
264 0.137885
265 0.137412
266 0.135856
267 0.138609
268 0.136936
269 0.136139
270 0.132902
271 0.133821
272 0.137806
273 0.132411
274 0.131946
275 0.134377
276 0.139619
277 0.130021
278 0.132574
279 0.131651
280 0.131404
281 0.132689
282 0.132711
283 0.135527
284 0.1345
285 0.138579
286 0.132765
287 0.130903
288 0.130284
289 0.131475
290 0.125868
291 0.128726
292 0.130547
293 0.125389
294 0.126252
295 0.12664
296 0.12561
297 0.128845
298 0.127205
299 0.125822
300 0.12736
301 0.129364
302 0.127507
303 0.12966
304 0.12885
305 0.124707
306 0.131451
307 0.126428
308 0.122112
309 0.128667
310 0.128458
311 0.122977
312 0.123182
313 0.124071
314 0.123702
315 0.122233
316 0.120817
317 0.12345
318 0.120591
319 0.121082
320 0.118269
321 0.12553
322 0.126094
323 0.119291
324 0.123206
325 0.117416
326 0.122141
327 0.118692
328 0.124098
329 0.115796
330 0.120035
331 0.119473
332 0.121168
333 0.115246
334 0.117169
335 0.120235
336 0.117632
337 0.117399
338 0.116934
339 0.119099
340 0.114015
341 0.116577
342 0.115934
343 0.11958
344 0.117071
345 0.115481
346 0.117506
347 0.11739
348 0.114119
349 0.112484
350 0.109209
351 0.109825
352 0.117241
353 0.11771
354 0.116981
355 0.118896
356 0.116475
357 0.113197
358 0.112745
359 0.109991
360 0.115793
361 0.108834
362 0.11042
363 0.111707
364 0.109949
365 0.114477
366 0.113454
367 0.114611
368 0.113329
369 0.112995
370 0.108631
371 0.109534
372 0.10804
373 0.113528
374 0.113785
375 0.10728
376 0.112216
377 0.11088
378 0.111234
379 0.109827
380 0.106156
381 0.105318
382 0.104629
383 0.111489
384 0.109187
385 0.106982
386 0.10859
387 0.107319
388 0.108686
389 0.101724
390 0.102978
391 0.107823
392 0.112001
393 0.105027
394 0.106598
395 0.108971
396 0.103664
397 0.115757
398 0.11047
399 0.107298
400 0.0994889
401 0.0993843
402 0.105511
403 0.105623
404 0.0974029
405 0.101656
406 0.102479
407 0.100664
408 0.103533
409 0.0993289
410 0.103271
411 0.104942
412 0.104431
413 0.0993044
414 0.106432
415 0.107859
416 0.0976926
417 0.100705
418 0.104926
419 0.102318
420 0.10047
421 0.0997221
422 0.102382
423 0.107162
424 0.102721
425 0.112928
426 0.102388
427 0.0984882
428 0.100823
429 0.0964868
430 0.100536
431 0.0946812
432 0.11068
433 0.0990127
434 0.0923351
435 0.0898635
436 0.110308
437 0.095139
438 0.103063
439 0.0968199
440 0.107109
441 0.104372
442 0.0955461
443 0.0969179
444 0.0984968
445 0.0934744
446 0.0937286
447 0.0961893
448 0.0965572
449 0.103021
450 0.0982269
451 0.0996954
452 0.0928179
453 0.0952621
454 0.0998488
455 0.096523
456 0.0889702
457 0.101267
458 0.0999457
459 0.0897184
460 0.101305
461 0.098712
462 0.0922277
463 0.0952266
464 0.0992645
465 0.0953216
466 0.0961088
467 0.0920697
468 0.0921751
469 0.0965634
470 0.0994427
471 0.0929539
472 0.0937114
473 0.0953055
474 0.0932491
475 0.0925978
476 0.0919541
477 0.0877558
478 0.0932283
479 0.083705
480 0.0911923
481 0.100773
482 0.0916273
483 0.0871097
484 0.0819202
485 0.0938743
486 0.0893316
487 0.0904858
488 0.087871
489 0.0879916
490 0.0926729
491 0.0827752
492 0.0852945
493 0.0858794
494 0.0822163
495 0.0754568
496 0.0947856
497 0.0867247
498 0.0839833
499 0.0862204
500 0.0873466
501 0.0872383
502 0.08675
503 0.0838949
504 0.0848138
505 0.0890053
506 0.0871527
507 0.0848655
508 0.088889
509 0.0858738
510 0.0846548
511 0.08474
512 0.0920756
513 0.0855467
514 0.0864125
515 0.0740232
516 0.096322
517 0.081634
518 0.0884386
519 0.0822041
520 0.0827943
521 0.0755443
522 0.0760642
523 0.0863308
524 0.0791553
525 0.0781439
526 0.0895009
527 0.0934794
528 0.0681452
529 0.0849509
530 0.0761171
531 0.0729233
532 0.0850479
533 0.0783604
534 0.0828443
535 0.0806272
536 0.0800736
537 0.0703526
538 0.0744731
539 0.0812586
540 0.0836243
541 0.0828667
542 0.0831165
543 0.0821327
544 0.0770519
545 0.0795443
546 0.0758238
547 0.0708324
548 0.0777942
549 0.0765537
550 0.0753962
551 0.0736575
552 0.0757595
553 0.0772137
554 0.075336
555 0.0802375
556 0.0746752
557 0.0747589
558 0.0812083
559 0.0814199
560 0.077975
561 0.0756032
562 0.0803928
563 0.0666045
564 0.0783582
565 0.0739893
566 0.0727994
567 0.073112
568 0.0735767
569 0.0589585
570 0.0703794
571 0.0644457
572 0.07619
573 0.0635078
574 0.0623268
575 0.0588965
576 0.0582778
577 0.0590914
578 0.0483789
579 0.0665707
580 0.0531113
581 0.0617784
582 0.0486293
583 0.0761948
584 0.0637829
585 0.077086
586 0.0654597
587 0.0678956
588 0.0782881
589 0.0471162
590 0.0583782
591 0.085037
592 0.0458531
593 0.0758581
594 0.0637319
595 0.0692991
596 0.0334771
597 0.0364669
598 0.0276598
599 0.0380703
