0 1.97305
1 4.27264
2 3.18012
3 2.45468
4 1.99658
5 1.69378
6 1.47453
7 1.30348
8 1.17926
9 1.07697
10 1
11 0.92236
12 0.871772
13 0.825023
14 0.780858
15 0.744346
16 0.709314
17 0.679645
18 0.656994
19 0.632129
20 0.614037
21 0.594655
22 0.57676
23 0.561885
24 0.55259
25 0.533638
26 0.526631
27 0.513392
28 0.50398
29 0.48829
30 0.482783
31 0.473149
32 0.465858
33 0.45446
34 0.446175
35 0.440106
36 0.433789
37 0.425954
38 0.424385
39 0.41378
40 0.409057
41 0.402666
42 0.398308
43 0.392257
44 0.388252
45 0.379628
46 0.374347
47 0.367314
48 0.365068
49 0.360528
50 0.353102
51 0.348559
52 0.346974
53 0.343697
54 0.341552
55 0.336183
56 0.333484
57 0.328994
58 0.32765
59 0.323278
60 0.320976
61 0.321188
62 0.315306
63 0.310064
64 0.309966
65 0.309003
66 0.302593
67 0.300607
68 0.298126
69 0.294368
70 0.295423
71 0.293278
72 0.289013
73 0.287584
74 0.286582
75 0.285213
76 0.282798
77 0.283394
78 0.279652
79 0.274126
80 0.273596
81 0.277127
82 0.273292
83 0.269109
84 0.267506
85 0.268295
86 0.264883
87 0.263719
88 0.263201
89 0.263232
90 0.260624
91 0.260369
92 0.25845
93 0.259677
94 0.255035
95 0.254956
96 0.250789
97 0.25209
98 0.251728
99 0.247583
100 0.250302
101 0.247414
102 0.247506
103 0.243957
104 0.245375
105 0.242778
106 0.243438
107 0.24286
108 0.237789
109 0.238639
110 0.236905
111 0.236866
112 0.237365
113 0.233594
114 0.234294
115 0.233489
116 0.230846
117 0.232289
118 0.228183
119 0.230223
120 0.228552
121 0.226089
122 0.22869
123 0.224645
124 0.222898
125 0.222897
126 0.223256
127 0.220554
128 0.219043
129 0.216098
130 0.215943
131 0.218633
132 0.216645
133 0.215062
134 0.216099
135 0.214609
136 0.212076
137 0.213402
138 0.210633
139 0.208552
140 0.209752
141 0.208337
142 0.208428
143 0.20858
144 0.207426
145 0.205911
146 0.205752
147 0.207512
148 0.203702
149 0.203076
150 0.202477
151 0.203251
152 0.20005
153 0.202223
154 0.200042
155 0.199357
156 0.197521
157 0.196651
158 0.196152
159 0.196439
160 0.196535
161 0.196298
162 0.193242
163 0.192361
164 0.19127
165 0.191841
166 0.191167
167 0.193388
168 0.192212
169 0.189937
170 0.1895
171 0.187479
172 0.189066
173 0.187516
174 0.188454
175 0.186193
176 0.185352
177 0.187462
178 0.183472
179 0.183021
180 0.183953
181 0.183261
182 0.183019
183 0.180773
184 0.183784
185 0.180871
186 0.17899
187 0.180221
188 0.179719
189 0.177722
190 0.178316
191 0.177647
192 0.174271
193 0.175923
194 0.175449
195 0.175418
196 0.175463
197 0.175621
198 0.174293
199 0.173765
200 0.173315
201 0.169209
202 0.172133
203 0.170368
204 0.168388
205 0.167875
206 0.168645
207 0.167582
208 0.168143
209 0.167522
210 0.166752
211 0.165283
212 0.164481
213 0.164489
214 0.163752
215 0.164911
216 0.16353
217 0.163335
218 0.162145
219 0.162931
220 0.162649
221 0.159209
222 0.159808
223 0.159382
224 0.160473
225 0.158983
226 0.158909
227 0.160138
228 0.160294
229 0.159498
230 0.16111
231 0.156394
232 0.158243
233 0.15496
234 0.155975
235 0.154251
236 0.156051
237 0.154754
238 0.154529
239 0.154916
240 0.154069
241 0.153639
242 0.151407
243 0.154443
244 0.151934
245 0.153546
246 0.152267
247 0.153691
248 0.150848
249 0.150716
250 0.151208
251 0.149964
252 0.14795
253 0.148654
254 0.14777
255 0.145968
256 0.148322
257 0.147055
258 0.148223
259 0.146691
260 0.147632
261 0.146276
262 0.145159
263 0.146011
264 0.147697
265 0.144279
266 0.14541
267 0.146744
268 0.143829
269 0.145105
270 0.14622
271 0.146963
272 0.143326
273 0.143743
274 0.143314
275 0.142614
276 0.144405
277 0.141192
278 0.141785
279 0.140979
280 0.139392
281 0.141761
282 0.142413
283 0.142025
284 0.139512
285 0.137757
286 0.140105
287 0.138332
288 0.13623
289 0.136994
290 0.136973
291 0.137929
292 0.137171
293 0.138766
294 0.139087
295 0.135891
296 0.13549
297 0.135358
298 0.13341
299 0.135467
300 0.136698
301 0.133814
302 0.133997
303 0.135384
304 0.136059
305 0.133777
306 0.136087
307 0.133766
308 0.133765
309 0.131181
310 0.132445
311 0.133405
312 0.132358
313 0.129388
314 0.12964
315 0.131082
316 0.131328
317 0.131506
318 0.130709
319 0.133741
320 0.131861
321 0.130814
322 0.130025
323 0.129462
324 0.126744
325 0.127057
326 0.128729
327 0.128552
328 0.127568
329 0.126307
330 0.128287
331 0.127998
332 0.128085
333 0.127008
334 0.130291
335 0.125818
336 0.126225
337 0.126825
338 0.127416
339 0.127649
340 0.126454
341 0.123732
342 0.125723
343 0.127391
344 0.124916
345 0.126053
346 0.12541
347 0.125222
348 0.125186
349 0.125465
350 0.126754
351 0.124976
352 0.124385
353 0.123844
354 0.123486
355 0.12424
356 0.123548
357 0.123321
358 0.122722
359 0.123877
360 0.124956
361 0.120735
362 0.120434
363 0.120774
364 0.122605
365 0.120653
366 0.122175
367 0.120995
368 0.122686
369 0.122357
370 0.120402
371 0.118268
372 0.119406
373 0.119147
374 0.119776
375 0.120597
376 0.118366
377 0.120506
378 0.119323
379 0.118004
380 0.117198
381 0.118721
382 0.11946
383 0.118807
384 0.115268
385 0.119542
386 0.117134
387 0.118696
388 0.117956
389 0.11879
390 0.116811
391 0.116819
392 0.114579
393 0.114157
394 0.119536
395 0.115043
396 0.116335
397 0.116175
398 0.116416
399 0.116389
400 0.117543
401 0.119468
402 0.116442
403 0.116131
404 0.11474
405 0.115619
406 0.115386
407 0.116116
408 0.116597
409 0.1142
410 0.118325
411 0.115729
412 0.117823
413 0.115249
414 0.113981
415 0.112861
416 0.116789
417 0.114722
418 0.113067
419 0.113141
420 0.112586
421 0.114173
422 0.113148
423 0.111338
424 0.111334
425 0.112887
426 0.114329
427 0.112863
428 0.109968
429 0.112135
430 0.109254
431 0.110198
432 0.11402
433 0.112178
434 0.112042
435 0.110864
436 0.11331
437 0.107272
438 0.11014
439 0.110474
440 0.107019
441 0.110802
442 0.109842
443 0.105958
444 0.108919
445 0.110419
446 0.108389
447 0.108113
448 0.109122
449 0.108626
450 0.108122
451 0.109362
452 0.108805
453 0.106985
454 0.109623
455 0.106058
456 0.107144
457 0.109429
458 0.108754
459 0.107642
460 0.107979
461 0.106736
462 0.107375
463 0.108491
464 0.108724
465 0.107718
466 0.109647
467 0.10738
468 0.109571
469 0.108453
470 0.107395
471 0.107239
472 0.104905
473 0.104972
474 0.107052
475 0.102325
476 0.103103
477 0.104055
478 0.104774
479 0.101837
480 0.0993829
481 0.103644
482 0.0989663
483 0.0983497
484 0.094961
485 0.10224
486 0.0977019
487 0.099999
488 0.0996562
489 0.0971777
490 0.0966275
491 0.0975471
492 0.0976538
493 0.0953774
494 0.0978177
495 0.0978247
496 0.095191
497 0.0933344
498 0.0982368
499 0.0973748
500 0.0943721
501 0.0965007
502 0.098202
503 0.0994644
504 0.0966419
505 0.100035
506 0.0985606
507 0.0966333
508 0.0976964
509 0.0971493
510 0.0948333
511 0.099493
512 0.0978284
513 0.0987317
514 0.0939729
515 0.0949831
516 0.0950578
517 0.0958334
518 0.0952915
519 0.0925924
520 0.0934468
521 0.0916232
522 0.0910393
523 0.0893986
524 0.0928111
525 0.0904458
526 0.0902476
527 0.0885995
528 0.092162
529 0.0883001
530 0.0866027
531 0.0892901
532 0.0874672
533 0.0913902
534 0.0874525
535 0.0906149
536 0.0835739
537 0.0832389
538 0.0852331
539 0.0893928
540 0.0866019
541 0.0880951
542 0.0867329
543 0.0877694
544 0.0813132
545 0.0863868
546 0.0831301
547 0.0861513
548 0.0838147
549 0.0833951
550 0.0806573
551 0.0862337
552 0.08525
553 0.0814667
554 0.082465
555 0.0820943
556 0.0805337
557 0.0819124
558 0.0776385
559 0.0826873
560 0.0819911
561 0.0780443
562 0.0854421
563 0.0783029
564 0.0849382
565 0.0869595
566 0.0826856
567 0.0759443
568 0.0691996
569 0.0710762
570 0.0758107
571 0.0728915
572 0.0688206
573 0.0715495
574 0.0662002
575 0.0709176
576 0.065158
577 0.0711487
578 0.0627475
579 0.0688171
580 0.0626061
581 0.0650146
582 0.0598176
583 0.0586229
584 0.0631461
585 0.0601125
586 0.0641905
587 0.0649428
588 0.0604015
589 0.0578562
590 0.0556428
591 0.0583742
592 0.0626442
593 0.0609475
594 0.0595195
595 0.0581203
596 0.0599822
597 0.058383
598 0.0607108
599 0.0450679
