0 1.92635
1 4.20213
2 3.14651
3 2.43297
4 1.98492
5 1.68582
6 1.46909
7 1.30018
8 1.17741
9 1.07758
10 1
11 0.922826
12 0.87351
13 0.826699
14 0.782263
15 0.746794
16 0.712661
17 0.682957
18 0.659509
19 0.634958
20 0.617384
21 0.597367
22 0.579603
23 0.564539
24 0.555176
25 0.536971
26 0.52996
27 0.515741
28 0.506487
29 0.491549
30 0.485669
31 0.47545
32 0.468969
33 0.457948
34 0.448968
35 0.442776
36 0.435865
37 0.428771
38 0.426744
39 0.416755
40 0.411859
41 0.40587
42 0.400909
43 0.395348
44 0.391001
45 0.382097
46 0.37724
47 0.370233
48 0.368288
49 0.363791
50 0.355302
51 0.35183
52 0.350201
53 0.346867
54 0.34446
55 0.339042
56 0.336837
57 0.331759
58 0.330992
59 0.325814
60 0.323927
61 0.323871
62 0.317959
63 0.312844
64 0.312783
65 0.311383
66 0.305436
67 0.303272
68 0.300378
69 0.296728
70 0.298232
71 0.296048
72 0.291753
73 0.290202
74 0.288906
75 0.287875
76 0.285733
77 0.286569
78 0.282477
79 0.277098
80 0.27602
81 0.280022
82 0.27607
83 0.271843
84 0.270088
85 0.271083
86 0.266939
87 0.266402
88 0.265958
89 0.265858
90 0.263246
91 0.263232
92 0.26121
93 0.262494
94 0.257651
95 0.258171
96 0.25309
97 0.254848
98 0.253863
99 0.249978
100 0.252742
101 0.250058
102 0.25037
103 0.246391
104 0.247986
105 0.245364
106 0.246613
107 0.244676
108 0.240419
109 0.241394
110 0.239315
111 0.239618
112 0.239939
113 0.23595
114 0.236707
115 0.235877
116 0.233327
117 0.234764
118 0.230667
119 0.232413
120 0.230874
121 0.228225
122 0.23139
123 0.227075
124 0.225238
125 0.225405
126 0.225863
127 0.223208
128 0.221987
129 0.218541
130 0.218093
131 0.221044
132 0.219016
133 0.217254
134 0.218273
135 0.217
136 0.214516
137 0.215709
138 0.212941
139 0.210687
140 0.212287
141 0.210816
142 0.210573
143 0.210999
144 0.210047
145 0.207925
146 0.207944
147 0.209725
148 0.20557
149 0.205481
150 0.204921
151 0.2059
152 0.202153
153 0.204859
154 0.202085
155 0.201703
156 0.199747
157 0.198776
158 0.19782
159 0.198593
160 0.198461
161 0.198395
162 0.195537
163 0.19451
164 0.193395
165 0.193514
166 0.192857
167 0.195763
168 0.194763
169 0.192045
170 0.191648
171 0.189598
172 0.191309
173 0.188909
174 0.190528
175 0.188097
176 0.187714
177 0.189805
178 0.185263
179 0.184892
180 0.186078
181 0.184577
182 0.184928
183 0.182389
184 0.185677
185 0.18289
186 0.181013
187 0.181993
188 0.181533
189 0.179376
190 0.180198
191 0.179315
192 0.176025
193 0.17763
194 0.177156
195 0.177137
196 0.17742
197 0.177114
198 0.176339
199 0.175634
200 0.174665
201 0.171151
202 0.173774
203 0.171963
204 0.170083
205 0.169464
206 0.170904
207 0.169273
208 0.169894
209 0.169605
210 0.168121
211 0.166871
212 0.166038
213 0.166233
214 0.164955
215 0.166227
216 0.164962
217 0.164558
218 0.163791
219 0.163999
220 0.16373
221 0.160933
222 0.161558
223 0.160684
224 0.16176
225 0.160522
226 0.160826
227 0.161656
228 0.161706
229 0.161267
230 0.162632
231 0.158077
232 0.15982
233 0.156218
234 0.157538
235 0.155914
236 0.157574
237 0.156116
238 0.156257
239 0.156533
240 0.155711
241 0.155079
242 0.152168
243 0.155851
244 0.153238
245 0.154771
246 0.153517
247 0.155324
248 0.152193
249 0.15227
250 0.1526
251 0.151175
252 0.149522
253 0.150256
254 0.148713
255 0.147325
256 0.149733
257 0.148101
258 0.149152
259 0.148141
260 0.149025
261 0.147466
262 0.146902
263 0.147605
264 0.149301
265 0.145377
266 0.146531
267 0.147883
268 0.14514
269 0.146126
270 0.147215
271 0.147994
272 0.144858
273 0.144762
274 0.144833
275 0.144873
276 0.145455
277 0.142821
278 0.143169
279 0.14259
280 0.140681
281 0.143385
282 0.143936
283 0.143799
284 0.140472
285 0.139153
286 0.141334
287 0.139741
288 0.137494
289 0.138167
290 0.1385
291 0.139291
292 0.138343
293 0.14
294 0.140443
295 0.136873
296 0.137186
297 0.136771
298 0.134217
299 0.136542
300 0.138373
301 0.135277
302 0.135376
303 0.136755
304 0.137531
305 0.134936
306 0.137515
307 0.135558
308 0.135269
309 0.131983
310 0.133649
311 0.13447
312 0.133622
313 0.13084
314 0.13148
315 0.132114
316 0.132125
317 0.133063
318 0.13247
319 0.13495
320 0.132521
321 0.132026
322 0.131289
323 0.130647
324 0.127658
325 0.127933
326 0.130264
327 0.129571
328 0.128367
329 0.127602
330 0.129647
331 0.129657
332 0.129129
333 0.128119
334 0.131828
335 0.126671
336 0.127241
337 0.128277
338 0.128586
339 0.128894
340 0.127657
341 0.124441
342 0.126961
343 0.128692
344 0.125993
345 0.127333
346 0.126648
347 0.126715
348 0.126751
349 0.126403
350 0.12847
351 0.12637
352 0.125797
353 0.125208
354 0.124609
355 0.125268
356 0.124942
357 0.124514
358 0.123985
359 0.125226
360 0.126093
361 0.122488
362 0.122079
363 0.12198
364 0.124134
365 0.121808
366 0.123145
367 0.1223
368 0.123308
369 0.123299
370 0.121453
371 0.119391
372 0.120248
373 0.120328
374 0.121434
375 0.121808
376 0.119398
377 0.121872
378 0.12061
379 0.119087
380 0.118593
381 0.119914
382 0.121112
383 0.119714
384 0.116865
385 0.120871
386 0.117441
387 0.120057
388 0.119515
389 0.12071
390 0.118226
391 0.117779
392 0.115628
393 0.114801
394 0.121126
395 0.115878
396 0.117207
397 0.118336
398 0.118203
399 0.117734
400 0.119215
401 0.120628
402 0.117656
403 0.117178
404 0.115976
405 0.117315
406 0.116915
407 0.117195
408 0.117853
409 0.11544
410 0.120266
411 0.116685
412 0.118823
413 0.116513
414 0.115893
415 0.114369
416 0.118193
417 0.116156
418 0.114397
419 0.11462
420 0.113678
421 0.115603
422 0.114704
423 0.11261
424 0.113048
425 0.113839
426 0.1158
427 0.11468
428 0.111652
429 0.113651
430 0.110023
431 0.111582
432 0.115079
433 0.113944
434 0.11361
435 0.112222
436 0.114681
437 0.10849
438 0.111408
439 0.111878
440 0.107774
441 0.11227
442 0.110506
443 0.106754
444 0.110121
445 0.11193
446 0.110277
447 0.109446
448 0.110371
449 0.109886
450 0.109626
451 0.111248
452 0.110432
453 0.107895
454 0.111308
455 0.107791
456 0.108962
457 0.110496
458 0.110563
459 0.109022
460 0.109475
461 0.108249
462 0.109309
463 0.109877
464 0.109971
465 0.109254
466 0.112068
467 0.108226
468 0.110452
469 0.109902
470 0.109176
471 0.109357
472 0.106399
473 0.106502
474 0.108876
475 0.104292
476 0.104781
477 0.105159
478 0.1063
479 0.103613
480 0.101159
481 0.105501
482 0.100095
483 0.0999905
484 0.0963838
485 0.103947
486 0.0991767
487 0.10143
488 0.101591
489 0.0992151
490 0.0974858
491 0.0995098
492 0.0991557
493 0.0973423
494 0.0996287
495 0.0987762
496 0.0961584
497 0.0953101
498 0.100191
499 0.0990421
500 0.0964988
501 0.0978648
502 0.0998894
503 0.101412
504 0.0982613
505 0.101863
506 0.0995608
507 0.0983579
508 0.0991369
509 0.0992315
510 0.0965434
511 0.101141
512 0.0994175
513 0.100854
514 0.0954468
515 0.0960862
516 0.0968936
517 0.0974399
518 0.0971619
519 0.0942848
520 0.0959037
521 0.0933779
522 0.0917854
523 0.0906504
524 0.0947751
525 0.0919268
526 0.0925133
527 0.0899806
528 0.0938729
529 0.0891275
530 0.0886982
531 0.0905459
532 0.0894619
533 0.0940266
534 0.0889815
535 0.0931115
536 0.0842917
537 0.0847787
538 0.0859157
539 0.0915243
540 0.0884433
541 0.0896768
542 0.0881897
543 0.0892561
544 0.0836058
545 0.0872517
546 0.0839222
547 0.0884276
548 0.0853233
549 0.0851631
550 0.0818929
551 0.0869929
552 0.0875179
553 0.0823543
554 0.0841317
555 0.0839862
556 0.0818808
557 0.0833399
558 0.0789044
559 0.0847192
560 0.0835754
561 0.0797509
562 0.0881772
563 0.0802982
564 0.0869743
565 0.0884274
566 0.0845385
567 0.0779848
568 0.070154
569 0.0732869
570 0.078329
571 0.0746371
572 0.0704578
573 0.0729221
574 0.0674597
575 0.0721077
576 0.0662199
577 0.0728878
578 0.0641433
579 0.0701115
580 0.064007
581 0.0660208
582 0.0600713
583 0.0599609
584 0.064665
585 0.0615662
586 0.064943
587 0.065278
588 0.0608072
589 0.057917
590 0.0567892
591 0.0591283
592 0.0635588
593 0.0643592
594 0.0619846
595 0.0589097
596 0.062016
597 0.0568438
598 0.0612361
599 0.0463258
