0 2.47189
1 4.83469
2 3.20614
3 2.37521
4 1.9193
5 1.62146
6 1.42164
7 1.26275
8 1.16
9 1.06815
10 1
11 0.929791
12 0.873683
13 0.838186
14 0.795702
15 0.761277
16 0.721967
17 0.696011
18 0.679431
19 0.667961
20 0.63938
21 0.617765
22 0.611062
23 0.584314
24 0.57428
25 0.553872
26 0.553908
27 0.529734
28 0.528117
29 0.519722
30 0.501779
31 0.497923
32 0.481562
33 0.470315
34 0.461154
35 0.458739
36 0.449706
37 0.445776
38 0.434939
39 0.428379
40 0.420546
41 0.414683
42 0.414065
43 0.407585
44 0.404915
45 0.394158
46 0.389169
47 0.374453
48 0.375212
49 0.373639
50 0.363028
51 0.353446
52 0.340258
53 0.347739
54 0.347268
55 0.347326
56 0.33996
57 0.338687
58 0.33018
59 0.324971
60 0.325071
61 0.326485
62 0.321
63 0.310469
64 0.306559
65 0.308045
66 0.306316
67 0.302419
68 0.302506
69 0.300286
70 0.289695
71 0.290898
72 0.288033
73 0.28559
74 0.283847
75 0.282471
76 0.274203
77 0.279456
78 0.269901
79 0.269821
80 0.267745
81 0.272933
82 0.272615
83 0.269117
84 0.264806
85 0.266826
86 0.261666
87 0.264394
88 0.25965
89 0.254784
90 0.261555
91 0.253057
92 0.256866
93 0.242239
94 0.239204
95 0.247419
96 0.241271
97 0.245273
98 0.241086
99 0.249478
100 0.242817
101 0.239986
102 0.239748
103 0.245089
104 0.234089
105 0.238304
106 0.229816
107 0.227972
108 0.236017
109 0.2344
110 0.228739
111 0.227553
112 0.231567
113 0.230045
114 0.229884
115 0.225836
116 0.225126
117 0.218402
118 0.22333
119 0.210505
120 0.218785
121 0.222979
122 0.218094
123 0.210846
124 0.221432
125 0.217164
126 0.217528
127 0.206873
128 0.205899
129 0.205603
130 0.210286
131 0.203014
132 0.207755
133 0.208265
134 0.206308
135 0.204793
136 0.199874
137 0.204812
138 0.194498
139 0.200439
140 0.198745
141 0.198845
142 0.194314
143 0.201185
144 0.198405
145 0.189711
146 0.192669
147 0.188145
148 0.19606
149 0.195897
150 0.195052
151 0.195296
152 0.192853
153 0.192603
154 0.185731
155 0.186399
156 0.188693
157 0.191026
158 0.18535
159 0.185059
160 0.187654
161 0.183218
162 0.186828
163 0.183807
164 0.183201
165 0.181406
166 0.181194
167 0.179423
168 0.182042
169 0.179446
170 0.184967
171 0.184619
172 0.184743
173 0.177688
174 0.17931
175 0.173706
176 0.177816
177 0.176424
178 0.178698
179 0.173521
180 0.173728
181 0.170178
182 0.17478
183 0.172449
184 0.173056
185 0.170634
186 0.171698
187 0.175007
188 0.166693
189 0.162188
190 0.169006
191 0.167497
192 0.163754
193 0.163854
194 0.169058
195 0.171174
196 0.16132
197 0.164739
198 0.164584
199 0.167461
200 0.159776
201 0.154125
202 0.164806
203 0.161067
204 0.159054
205 0.159206
206 0.160904
207 0.155636
208 0.152494
209 0.152969
210 0.155474
211 0.15466
212 0.157318
213 0.151218
214 0.15625
215 0.152899
216 0.152557
217 0.155322
218 0.157949
219 0.153829
220 0.151951
221 0.153906
222 0.154242
223 0.141983
224 0.147183
225 0.150113
226 0.151149
227 0.149131
228 0.148182
229 0.150628
230 0.152178
231 0.145913
232 0.150819
233 0.143248
234 0.145245
235 0.144981
236 0.145537
237 0.141838
238 0.138689
239 0.149176
240 0.144936
241 0.139967
242 0.144889
243 0.141963
244 0.138183
245 0.148838
246 0.143015
247 0.142316
248 0.142144
249 0.1406
250 0.143625
251 0.138809
252 0.138008
253 0.136603
254 0.136907
255 0.14124
256 0.135364
257 0.139407
258 0.140835
259 0.139439
260 0.135569
261 0.133217
262 0.137792
263 0.133186
264 0.1383
265 0.139543
266 0.138723
267 0.130024
268 0.137345
269 0.135731
270 0.134032
271 0.135685
272 0.131763
273 0.134576
274 0.132866
275 0.131673
276 0.127442
277 0.134456
278 0.13334
279 0.140999
280 0.127936
281 0.128565
282 0.130837
283 0.130308
284 0.132744
285 0.126614
286 0.126702
287 0.129997
288 0.128681
289 0.126431
290 0.133196
291 0.12657
292 0.127055
293 0.127641
294 0.128638
295 0.127862
296 0.126996
297 0.129535
298 0.136509
299 0.125676
300 0.124731
301 0.132555
302 0.122788
303 0.128452
304 0.124747
305 0.129704
306 0.128458
307 0.131366
308 0.126491
309 0.128528
310 0.123541
311 0.122551
312 0.124632
313 0.122139
314 0.119315
315 0.125014
316 0.119635
317 0.117398
318 0.120699
319 0.114222
320 0.123101
321 0.116661
322 0.119003
323 0.118258
324 0.12238
325 0.112121
326 0.11845
327 0.1268
328 0.122457
329 0.123814
330 0.117896
331 0.120017
332 0.116814
333 0.115093
334 0.124296
335 0.119031
336 0.122476
337 0.118478
338 0.124098
339 0.122132
340 0.118223
341 0.119589
342 0.116745
343 0.119373
344 0.116463
345 0.120294
346 0.121784
347 0.120308
348 0.118769
349 0.119029
350 0.11372
351 0.116715
352 0.1195
353 0.120289
354 0.121311
355 0.12046
356 0.115366
357 0.122796
358 0.116615
359 0.122162
360 0.122184
361 0.120168
362 0.117183
363 0.117273
364 0.116648
365 0.114845
366 0.117571
367 0.111875
368 0.112041
369 0.111372
370 0.122739
371 0.111661
372 0.111361
373 0.113558
374 0.114411
375 0.116041
376 0.110969
377 0.102995
378 0.113471
379 0.112903
380 0.121854
381 0.109132
382 0.114134
383 0.114327
384 0.109185
385 0.109902
386 0.115523
387 0.117169
388 0.10914
389 0.109179
390 0.113292
391 0.110684
392 0.107421
393 0.107261
394 0.108912
395 0.110218
396 0.106852
397 0.109885
398 0.112512
399 0.111536
400 0.108302
401 0.109244
402 0.110437
403 0.112542
404 0.104913
405 0.108363
406 0.102766
407 0.113229
408 0.110717
409 0.112806
410 0.109798
411 0.113092
412 0.118035
413 0.108254
414 0.120229
415 0.111635
416 0.105083
417 0.107452
418 0.105295
419 0.112098
420 0.108718
421 0.105051
422 0.111966
423 0.109635
424 0.10138
425 0.106992
426 0.110196
427 0.11014
428 0.108074
429 0.116484
430 0.10982
431 0.111779
432 0.103547
433 0.114001
434 0.105173
435 0.110433
436 0.10665
437 0.113015
438 0.104688
439 0.103604
440 0.113473
441 0.112674
442 0.109766
443 0.104546
444 0.108612
445 0.0997615
446 0.101117
447 0.103859
448 0.101761
449 0.105823
450 0.105303
451 0.110026
452 0.103986
453 0.111413
454 0.102366
455 0.113556
456 0.10197
457 0.104526
458 0.103357
459 0.108445
460 0.102222
461 0.10485
462 0.103635
463 0.105141
464 0.111388
465 0.100485
466 0.11122
467 0.111842
468 0.107001
469 0.105231
470 0.101531
471 0.107602
472 0.10058
473 0.113533
474 0.1037
475 0.101568
476 0.0957393
477 0.0996651
478 0.0988214
479 0.106693
480 0.101724
481 0.102798
482 0.10385
483 0.106786
484 0.0953231
485 0.0954733
486 0.0998328
487 0.105352
488 0.0939342
489 0.0912866
490 0.0915844
491 0.0929421
492 0.0866494
493 0.0955341
494 0.100643
495 0.0940657
496 0.0966648
497 0.0839947
498 0.0983367
499 0.0944186
500 0.089904
501 0.10309
502 0.104103
503 0.099113
504 0.0986912
505 0.0884937
506 0.0933284
507 0.0975336
508 0.0929337
509 0.0974807
510 0.0912732
511 0.094767
512 0.0986657
513 0.0995009
514 0.0893599
515 0.0944166
516 0.0962663
517 0.097041
518 0.0972189
519 0.087525
520 0.0905408
521 0.0832987
522 0.0853508
523 0.0855896
524 0.0939733
525 0.093613
526 0.0964371
527 0.090104
528 0.0968721
529 0.0888994
530 0.0900414
531 0.0932801
532 0.084576
533 0.0878785
534 0.0773415
535 0.100541
536 0.0843501
537 0.082882
538 0.0854801
539 0.0946618
540 0.0868092
541 0.0799248
542 0.088668
543 0.0763041
544 0.0927835
545 0.0828157
546 0.0812174
547 0.0938435
548 0.0874309
549 0.0953428
550 0.0810164
551 0.0902591
552 0.0908112
553 0.089508
554 0.0871445
555 0.105334
556 0.079997
557 0.0837978
558 0.0839382
559 0.0875794
560 0.0799506
561 0.097367
562 0.0819756
563 0.0821653
564 0.0694174
565 0.0829215
566 0.104567
567 0.0883607
568 0.072646
569 0.083467
570 0.0795759
571 0.0676461
572 0.0861783
573 0.0560281
574 0.0661489
575 0.0621937
576 0.0722322
577 0.0712668
578 0.0598997
579 0.0734995
580 0.0455343
581 0.0506988
582 0.0585948
583 0.061582
584 0.0657032
585 0.0592178
586 0.0614534
587 0.0799575
588 0.0500892
589 0.0598288
590 0.0586299
591 0.0732614
592 0.067647
593 0.0548055
594 0.0523088
595 0.0941871
596 0.0720965
597 0.0412719
598 0.0934081
599 0.0104642
