0 2.04027
1 4.28174
2 3.16641
3 2.47501
4 2.01376
5 1.70511
6 1.46714
7 1.30634
8 1.17682
9 1.07916
10 1
11 0.940041
12 0.869342
13 0.82239
14 0.787689
15 0.744484
16 0.69681
17 0.68112
18 0.650932
19 0.633514
20 0.609568
21 0.596484
22 0.579976
23 0.558697
24 0.545485
25 0.536184
26 0.529128
27 0.507541
28 0.510675
29 0.49258
30 0.473471
31 0.469569
32 0.465691
33 0.447498
34 0.435837
35 0.434477
36 0.425554
37 0.420907
38 0.413032
39 0.406781
40 0.402339
41 0.404551
42 0.395412
43 0.38164
44 0.379168
45 0.376297
46 0.367015
47 0.372184
48 0.355869
49 0.356549
50 0.348704
51 0.343381
52 0.337737
53 0.329741
54 0.336885
55 0.325277
56 0.324901
57 0.318859
58 0.323207
59 0.317561
60 0.307372
61 0.316237
62 0.309116
63 0.305743
64 0.299491
65 0.29467
66 0.290885
67 0.296667
68 0.285645
69 0.287457
70 0.287812
71 0.278694
72 0.279496
73 0.286643
74 0.27315
75 0.275751
76 0.263588
77 0.274063
78 0.271607
79 0.264429
80 0.261967
81 0.263099
82 0.265222
83 0.260548
84 0.26212
85 0.261587
86 0.258708
87 0.256446
88 0.247778
89 0.250081
90 0.254843
91 0.251762
92 0.243575
93 0.239982
94 0.245708
95 0.239988
96 0.244817
97 0.243074
98 0.239415
99 0.240658
100 0.24045
101 0.234611
102 0.230097
103 0.228582
104 0.231159
105 0.232074
106 0.23136
107 0.229146
108 0.227972
109 0.226892
110 0.2284
111 0.219038
112 0.221424
113 0.22019
114 0.221725
115 0.219941
116 0.215389
117 0.218215
118 0.213523
119 0.217813
120 0.221566
121 0.212149
122 0.211859
123 0.216031
124 0.211377
125 0.216598
126 0.210374
127 0.20647
128 0.199253
129 0.201989
130 0.208238
131 0.199607
132 0.200195
133 0.198217
134 0.198342
135 0.200168
136 0.198634
137 0.19897
138 0.193473
139 0.196832
140 0.192823
141 0.190335
142 0.197257
143 0.187749
144 0.187077
145 0.194063
146 0.186662
147 0.188336
148 0.192794
149 0.188101
150 0.189674
151 0.179984
152 0.18453
153 0.183322
154 0.18978
155 0.187496
156 0.185251
157 0.184796
158 0.186037
159 0.183166
160 0.179705
161 0.181104
162 0.178765
163 0.179284
164 0.177681
165 0.17533
166 0.171366
167 0.176696
168 0.176749
169 0.169999
170 0.178113
171 0.172925
172 0.173149
173 0.168369
174 0.170181
175 0.166245
176 0.170041
177 0.170742
178 0.168532
179 0.166565
180 0.169245
181 0.174717
182 0.164328
183 0.166173
184 0.172553
185 0.165287
186 0.167475
187 0.162912
188 0.165598
189 0.163206
190 0.159817
191 0.160923
192 0.164049
193 0.161111
194 0.156145
195 0.165139
196 0.154674
197 0.156112
198 0.155758
199 0.158146
200 0.155438
201 0.154604
202 0.155387
203 0.155276
204 0.158199
205 0.155634
206 0.156758
207 0.153458
208 0.150031
209 0.149728
210 0.151928
211 0.155564
212 0.143368
213 0.146345
214 0.153153
215 0.14748
216 0.146711
217 0.143457
218 0.140764
219 0.150623
220 0.149571
221 0.147468
222 0.150801
223 0.149027
224 0.149769
225 0.141737
226 0.148146
227 0.143664
228 0.13845
229 0.13864
230 0.141255
231 0.139467
232 0.141934
233 0.144898
234 0.138666
235 0.14367
236 0.141457
237 0.146209
238 0.136515
239 0.139149
240 0.140029
241 0.138795
242 0.137762
243 0.135849
244 0.141962
245 0.13945
246 0.138676
247 0.136
248 0.136938
249 0.137589
250 0.137183
251 0.137449
252 0.132649
253 0.134344
254 0.136282
255 0.138908
256 0.127948
257 0.130821
258 0.134703
259 0.132201
260 0.133359
261 0.133406
262 0.13532
263 0.134334
264 0.137032
265 0.132633
266 0.132844
267 0.136947
268 0.125545
269 0.127168
270 0.131568
271 0.128874
272 0.125274
273 0.131466
274 0.12269
275 0.129071
276 0.129328
277 0.128982
278 0.127627
279 0.126857
280 0.127017
281 0.123011
282 0.131719
283 0.131252
284 0.122887
285 0.124043
286 0.12941
287 0.12502
288 0.125575
289 0.125888
290 0.123038
291 0.120966
292 0.125482
293 0.126649
294 0.121565
295 0.125348
296 0.119907
297 0.115494
298 0.124263
299 0.118109
300 0.125318
301 0.128344
302 0.121909
303 0.12257
304 0.119655
305 0.12445
306 0.117183
307 0.11618
308 0.122315
309 0.120764
310 0.120263
311 0.119219
312 0.114409
313 0.124601
314 0.121537
315 0.120949
316 0.118127
317 0.112386
318 0.115108
319 0.110531
320 0.110063
321 0.112511
322 0.116093
323 0.114847
324 0.115767
325 0.113138
326 0.111143
327 0.111386
328 0.116748
329 0.116823
330 0.114757
331 0.111389
332 0.116234
333 0.11195
334 0.116442
335 0.115484
336 0.107327
337 0.11433
338 0.120046
339 0.115509
340 0.106838
341 0.112763
342 0.117726
343 0.115169
344 0.113786
345 0.106749
346 0.108949
347 0.112589
348 0.109158
349 0.112719
350 0.113885
351 0.113034
352 0.11132
353 0.114109
354 0.111547
355 0.113406
356 0.106362
357 0.112852
358 0.106306
359 0.110131
360 0.110787
361 0.102975
362 0.107755
363 0.107837
364 0.111637
365 0.116228
366 0.110041
367 0.108217
368 0.113409
369 0.109526
370 0.108148
371 0.101794
372 0.109303
373 0.102081
374 0.102386
375 0.113075
376 0.0991817
377 0.108016
378 0.104712
379 0.109458
380 0.105046
381 0.11186
382 0.115757
383 0.109538
384 0.109821
385 0.103178
386 0.103484
387 0.105461
388 0.100847
389 0.104489
390 0.112632
391 0.104904
392 0.100679
393 0.105911
394 0.102393
395 0.104097
396 0.0991742
397 0.104942
398 0.111586
399 0.110146
400 0.10688
401 0.0998594
402 0.0995741
403 0.101659
404 0.098969
405 0.102574
406 0.103017
407 0.103184
408 0.105811
409 0.102152
410 0.0993559
411 0.101358
412 0.107809
413 0.100827
414 0.0934014
415 0.098157
416 0.110719
417 0.105872
418 0.100319
419 0.100591
420 0.100336
421 0.110916
422 0.10215
423 0.101906
424 0.108367
425 0.0952224
426 0.101833
427 0.102438
428 0.107565
429 0.102981
430 0.0987697
431 0.0974612
432 0.0972127
433 0.107793
434 0.0989182
435 0.100758
436 0.102109
437 0.0953012
438 0.0953569
439 0.100956
440 0.10322
441 0.0953382
442 0.0998535
443 0.103332
444 0.103042
445 0.103196
446 0.0930299
447 0.101774
448 0.0903653
449 0.0983724
450 0.0931845
451 0.102899
452 0.0933327
453 0.0952323
454 0.0979951
455 0.0920377
456 0.0997759
457 0.103388
458 0.0964757
459 0.0991888
460 0.0962681
461 0.0969109
462 0.10285
463 0.100885
464 0.0995786
465 0.0986987
466 0.104054
467 0.0900402
468 0.0975497
469 0.0967051
470 0.0963967
471 0.0975041
472 0.0870261
473 0.0939605
474 0.0933242
475 0.0988859
476 0.0943435
477 0.093565
478 0.0900927
479 0.0897735
480 0.0899383
481 0.0902243
482 0.0925994
483 0.0859633
484 0.0863467
485 0.0954571
486 0.0978602
487 0.0904808
488 0.0980423
489 0.0886449
490 0.0928407
491 0.0908547
492 0.0839433
493 0.0814711
494 0.085191
495 0.0878622
496 0.0745136
497 0.0853803
498 0.0885497
499 0.0855521
500 0.0797071
501 0.0799333
502 0.0886564
503 0.0732361
504 0.0832701
505 0.0840595
506 0.100274
507 0.0831473
508 0.0865717
509 0.081624
510 0.0743318
511 0.090815
512 0.0761343
513 0.0882844
514 0.0875493
515 0.0770543
516 0.0773814
517 0.0744739
518 0.0722478
519 0.0836554
520 0.0814745
521 0.0835287
522 0.0835736
523 0.0897479
524 0.0749507
525 0.0782771
526 0.0764704
527 0.0833521
528 0.0746674
529 0.0776481
530 0.0775332
531 0.0697108
532 0.0815631
533 0.0869026
534 0.063694
535 0.067763
536 0.0790569
537 0.0743977
538 0.0681076
539 0.0806615
540 0.0695894
541 0.073208
542 0.073595
543 0.0788073
544 0.069044
545 0.0653249
546 0.0863074
547 0.0758671
548 0.0725945
549 0.0811211
550 0.0710838
551 0.0670692
552 0.0704531
553 0.0667122
554 0.0729474
555 0.0708667
556 0.0686586
557 0.0732631
558 0.0576789
559 0.0716142
560 0.0785737
561 0.0794013
562 0.0670773
563 0.0753789
564 0.0683977
565 0.066382
566 0.0797115
567 0.0640455
568 0.045549
569 0.0585311
570 0.0698027
571 0.0676793
572 0.0685979
573 0.0595536
574 0.0666856
575 0.0582658
576 0.0487581
577 0.0537474
578 0.0629064
579 0.0672359
580 0.0519828
581 0.053306
582 0.0537091
583 0.0584176
584 0.0467308
585 0.0698844
586 0.0592865
587 0.062116
588 0.0643978
589 0.0627223
590 0.0389061
591 0.0618027
592 0.0570673
593 0.0364245
594 0.0605385
595 0.0585265
596 0.0811535
597 0.0335588
598 0.0528007
599 0.0120355
