1 11.851
2 11.851
3 11.6124
4 6.24985
5 3.44906
6 2.26434
7 1.68149
8 1.34752
9 1.14241
10 1
11 0.903373
12 0.829147
13 0.77742
14 0.731688
15 0.699185
16 0.669504
17 0.649186
18 0.627735
19 0.613552
20 0.596727
21 0.585804
22 0.571675
23 0.564367
24 0.552069
25 0.548026
26 0.537403
27 0.532059
28 0.520782
29 0.515706
30 0.504954
31 0.498283
32 0.487141
33 0.482376
34 0.47218
35 0.467827
36 0.459736
37 0.458993
38 0.451255
39 0.449588
40 0.442452
41 0.440267
42 0.431466
43 0.427031
44 0.416219
45 0.412053
46 0.401612
47 0.397146
48 0.388393
49 0.386681
50 0.379446
51 0.377832
52 0.371752
53 0.372121
54 0.366276
55 0.366671
56 0.362827
57 0.363676
58 0.358037
59 0.357936
60 0.352501
61 0.351954
62 0.344188
63 0.342367
64 0.335799
65 0.335574
66 0.329278
67 0.329003
68 0.323718
69 0.324437
70 0.318542
71 0.318021
72 0.312727
73 0.31314
74 0.30793
75 0.308436
76 0.304021
77 0.304264
78 0.29929
79 0.299166
80 0.294988
81 0.296613
82 0.292055
83 0.29323
84 0.288704
85 0.290104
86 0.285036
87 0.285974
88 0.281171
89 0.282778
90 0.278187
91 0.278765
92 0.274388
93 0.276359
94 0.271652
95 0.27163
96 0.266811
97 0.268422
98 0.264069
99 0.265567
100 0.261745
101 0.262992
102 0.258637
103 0.259404
104 0.255289
105 0.256513
106 0.252649
107 0.253689
108 0.249578
109 0.251587
110 0.247568
111 0.249793
112 0.246343
113 0.248103
114 0.243318
115 0.244982
116 0.241236
117 0.242775
118 0.238046
119 0.239571
120 0.235433
121 0.237258
122 0.233238
123 0.234506
124 0.231145
125 0.232592
126 0.228319
127 0.229795
128 0.225948
129 0.227564
130 0.223453
131 0.224881
132 0.221495
133 0.223047
134 0.219575
135 0.221704
136 0.218471
137 0.220776
138 0.217567
139 0.21927
140 0.215919
141 0.218215
142 0.214662
143 0.216219
144 0.212764
145 0.215167
146 0.211229
147 0.212572
148 0.209832
149 0.211741
150 0.207903
151 0.209425
152 0.206687
153 0.208294
154 0.20478
155 0.206095
156 0.203272
157 0.205667
158 0.202349
159 0.203991
160 0.200732
161 0.202231
162 0.197856
163 0.198981
164 0.195143
165 0.19666
166 0.193237
167 0.1946
168 0.191661
169 0.1934
170 0.190432
171 0.191655
172 0.188385
173 0.18947
174 0.185756
175 0.186263
176 0.183088
177 0.184781
178 0.181262
179 0.183063
180 0.180231
181 0.181644
182 0.178678
183 0.180198
184 0.177185
185 0.178267
186 0.175193
187 0.176806
188 0.173856
189 0.175208
190 0.171853
191 0.173473
192 0.170055
193 0.171436
194 0.168524
195 0.169477
196 0.166861
197 0.168239
198 0.165249
199 0.16597
200 0.163477
201 0.164901
202 0.161664
203 0.162894
204 0.160906
205 0.162921
206 0.159976
207 0.161312
208 0.158678
209 0.159996
210 0.157156
211 0.158285
212 0.155747
213 0.157244
214 0.154551
215 0.155418
216 0.152878
217 0.154136
218 0.151375
219 0.15269
220 0.149899
221 0.151639
222 0.148995
223 0.150363
224 0.148904
225 0.150638
226 0.148109
227 0.149214
228 0.146644
229 0.148326
230 0.145628
231 0.146708
232 0.144133
233 0.145497
234 0.142696
235 0.144115
236 0.141722
237 0.143408
238 0.141077
239 0.142179
240 0.140115
241 0.141518
242 0.138838
243 0.139692
244 0.137331
245 0.13863
246 0.136138
247 0.137353
248 0.135358
249 0.136337
250 0.133732
251 0.134242
252 0.132018
253 0.132959
254 0.130242
255 0.131006
256 0.128656
257 0.129949
258 0.127874
259 0.128733
260 0.126415
261 0.127724
262 0.125512
263 0.12662
264 0.124399
265 0.125307
266 0.122923
267 0.123614
268 0.121118
269 0.121387
270 0.119542
271 0.121175
272 0.119709
273 0.121148
274 0.119466
275 0.120802
276 0.119352
277 0.120384
278 0.118452
279 0.119615
280 0.117773
281 0.119261
282 0.117274
283 0.118543
284 0.116998
285 0.118381
286 0.116072
287 0.116819
288 0.114888
289 0.11602
290 0.114068
291 0.114452
292 0.112758
293 0.114059
294 0.112403
295 0.113703
296 0.112273
297 0.114039
298 0.11235
299 0.113479
300 0.111954
301 0.113134
302 0.11135
303 0.112088
304 0.110195
305 0.111203
306 0.109037
307 0.109593
308 0.107754
309 0.108624
310 0.106739
311 0.107751
312 0.105854
313 0.107282
314 0.105325
315 0.106063
316 0.104717
317 0.105846
318 0.103974
319 0.104867
320 0.104242
321 0.105189
322 0.103633
323 0.10424
324 0.102159
325 0.103147
326 0.101148
327 0.10184
328 0.100571
329 0.101758
330 0.0998039
331 0.100801
332 0.099194
333 0.0995917
334 0.0973283
335 0.0980103
336 0.0967085
337 0.0976216
338 0.0961425
339 0.0967299
340 0.095673
341 0.0967848
342 0.0950705
343 0.0959785
344 0.0943269
345 0.0951824
346 0.0934248
347 0.0941286
348 0.0923158
349 0.0933682
350 0.0917823
351 0.092852
352 0.0917837
353 0.0924761
354 0.0914512
355 0.0918642
356 0.090683
357 0.0915108
358 0.0897087
359 0.0904679
360 0.0894462
361 0.0899994
362 0.0886923
363 0.0892913
364 0.0882048
365 0.0891909
366 0.0880055
367 0.0887227
368 0.0870604
369 0.0877639
370 0.0862591
371 0.0865157
372 0.0857285
373 0.086621
374 0.0855828
375 0.0862494
376 0.0851573
377 0.0861207
378 0.085178
379 0.0861256
380 0.085001
381 0.0855971
382 0.0841029
383 0.0843387
384 0.083414
385 0.0838332
386 0.0826476
387 0.0833963
388 0.0827212
389 0.0842429
390 0.0830888
391 0.0835832
392 0.0820399
393 0.0825556
394 0.0810013
395 0.0811317
396 0.0800042
397 0.0805694
398 0.0795824
399 0.0802943
400 0.0795885
401 0.0806775
402 0.0793596
403 0.079494
404 0.0787451
405 0.079502
406 0.0784914
407 0.0791535
408 0.0781903
409 0.0791534
410 0.0782739
411 0.0784858
412 0.0778958
413 0.0781904
414 0.0774662
415 0.0782048
416 0.0772642
417 0.077513
418 0.0765838
419 0.0768826
420 0.0761614
421 0.0770199
422 0.0758589
423 0.0763977
424 0.0751815
425 0.0756563
426 0.0744882
427 0.0748758
428 0.073827
429 0.0742292
430 0.0735704
431 0.0743736
432 0.073554
433 0.0746904
434 0.0739118
435 0.0749623
436 0.0741801
437 0.0745913
438 0.0732586
439 0.0733243
440 0.0724545
441 0.0726395
442 0.0712705
443 0.0714444
444 0.0704777
445 0.0712069
446 0.0704372
447 0.0708863
448 0.0698095
449 0.069813
450 0.0681329
451 0.068262
452 0.0669519
453 0.0675451
454 0.0668647
455 0.067466
456 0.0666222
457 0.0668393
458 0.0659798
459 0.0663837
460 0.0658414
461 0.0664424
462 0.0653422
463 0.0659299
464 0.0652636
465 0.0657995
466 0.0645341
467 0.064794
468 0.064195
469 0.0646665
470 0.063781
471 0.0641777
472 0.0632185
473 0.062657
474 0.0610907
475 0.0604668
476 0.0593041
477 0.0592536
478 0.0576686
479 0.0575687
480 0.0565765
481 0.0566493
482 0.0556285
483 0.0552925
484 0.0546033
485 0.0542146
486 0.0535185
487 0.0530787
488 0.0522923
489 0.0519021
490 0.0510496
491 0.0507736
492 0.0500457
493 0.0503195
494 0.0494301
495 0.0495821
496 0.0489491
497 0.0487447
498 0.0482687
499 0.0480947
500 0.0477844
501 0.0474901
502 0.0468588
503 0.0469657
504 0.0470223
505 0.0465392
506 0.0459759
507 0.0459675
508 0.0458495
509 0.045809
510 0.0452424
511 0.0447563
512 0.0445289
513 0.0452554
514 0.0444682
515 0.0440632
516 0.0437169
517 0.0440142
518 0.0436015
519 0.0440748
520 0.0438564
521 0.0438591
522 0.0431786
523 0.0422835
524 0.0412779
525 0.0411332
526 0.0405687
527 0.0402595
528 0.0395204
529 0.0390815
530 0.0384721
531 0.0384422
532 0.0383695
533 0.0375201
534 0.0373405
535 0.0379316
536 0.0378393
537 0.0374569
538 0.0371891
539 0.0362769
540 0.0356394
541 0.0348541
542 0.0335122
543 0.0326596
544 0.0316749
545 0.0308579
546 0.0300853
547 0.0291422
548 0.0284918
549 0.0289021
550 0.028528
551 0.0283163
552 0.0284708
553 0.0281827
554 0.0277189
555 0.0271533
556 0.0268074
557 0.0268897
558 0.026933
559 0.0267066
560 0.0263126
561 0.0262305
562 0.026089
563 0.0257562
564 0.0259479
565 0.0260167
566 0.0254188
567 0.0253037
568 0.0254198
569 0.0251984
570 0.0252933
571 0.0247961
572 0.0245635
573 0.02555
574 0.0253565
575 0.025177
576 0.0250031
577 0.0249642
578 0.024877
579 0.0245113
580 0.0242693
581 0.0242226
582 0.0233074
583 0.0233437
584 0.0227679
585 0.0232499
586 0.02218
587 0.0222924
588 0.022177
589 0.02222
590 0.0224442
591 0.0229101
592 0.0239549
593 0.0237831
594 0.0249106
595 0.0244667
596 0.0225675
597 0.0221154
598 0.0220742
599 0.0189913
