1 11.9016
2 11.9016
3 11.6594
4 6.23961
5 3.43725
6 2.25598
7 1.67705
8 1.34466
9 1.14138
10 1
11 0.904239
12 0.831085
13 0.78003
14 0.734231
15 0.701256
16 0.672071
17 0.652007
18 0.63069
19 0.616043
20 0.597928
21 0.587416
22 0.573259
23 0.56585
24 0.554366
25 0.549912
26 0.539501
27 0.533886
28 0.523005
29 0.518204
30 0.5071
31 0.500133
32 0.488293
33 0.482987
34 0.473024
35 0.46866
36 0.461855
37 0.461212
38 0.453786
39 0.451702
40 0.444772
41 0.44257
42 0.434054
43 0.429781
44 0.420089
45 0.415837
46 0.405899
47 0.401406
48 0.392118
49 0.390171
50 0.38229
51 0.380318
52 0.37373
53 0.373859
54 0.367341
55 0.367698
56 0.363719
57 0.365063
58 0.359121
59 0.359072
60 0.35361
61 0.35304
62 0.345733
63 0.344133
64 0.337623
65 0.337107
66 0.330692
67 0.330246
68 0.325172
69 0.325371
70 0.319652
71 0.319274
72 0.313989
73 0.314622
74 0.310361
75 0.311073
76 0.306367
77 0.306788
78 0.302002
79 0.302243
80 0.297822
81 0.298999
82 0.294056
83 0.294578
84 0.290008
85 0.291386
86 0.285925
87 0.286687
88 0.281718
89 0.283319
90 0.279439
91 0.279868
92 0.275962
93 0.277466
94 0.27334
95 0.274518
96 0.2706
97 0.272183
98 0.26765
99 0.269204
100 0.265419
101 0.267192
102 0.262765
103 0.264679
104 0.260858
105 0.26243
106 0.258152
107 0.259016
108 0.255766
109 0.258051
110 0.254132
111 0.255733
112 0.25246
113 0.25462
114 0.250562
115 0.251827
116 0.247988
117 0.248809
118 0.243873
119 0.244545
120 0.240736
121 0.24218
122 0.237881
123 0.239408
124 0.235896
125 0.237738
126 0.234091
127 0.235271
128 0.231669
129 0.233442
130 0.229493
131 0.231678
132 0.228261
133 0.230261
134 0.226553
135 0.227752
136 0.224521
137 0.226649
138 0.222532
139 0.224147
140 0.220793
141 0.223032
142 0.219292
143 0.220755
144 0.217138
145 0.219069
146 0.214713
147 0.216289
148 0.212834
149 0.215081
150 0.211052
151 0.212613
152 0.20957
153 0.211448
154 0.20827
155 0.209087
156 0.206094
157 0.20776
158 0.203801
159 0.205567
160 0.201982
161 0.204059
162 0.200274
163 0.201687
164 0.198277
165 0.200447
166 0.196786
167 0.198481
168 0.195385
169 0.196839
170 0.193483
171 0.194739
172 0.191711
173 0.193464
174 0.190173
175 0.191691
176 0.1882
177 0.190021
178 0.186461
179 0.188417
180 0.185368
181 0.187212
182 0.183836
183 0.185765
184 0.182583
185 0.184267
186 0.180573
187 0.182392
188 0.179622
189 0.181019
190 0.178385
191 0.180174
192 0.177637
193 0.178664
194 0.175557
195 0.176691
196 0.174104
197 0.176079
198 0.173246
199 0.174367
200 0.1717
201 0.173429
202 0.169948
203 0.170903
204 0.16817
205 0.169503
206 0.166466
207 0.167648
208 0.165112
209 0.166721
210 0.163749
211 0.165002
212 0.162703
213 0.164394
214 0.161197
215 0.162323
216 0.159658
217 0.161265
218 0.158376
219 0.159607
220 0.157097
221 0.158793
222 0.156006
223 0.157391
224 0.154993
225 0.156888
226 0.154451
227 0.156094
228 0.15317
229 0.154792
230 0.151874
231 0.152508
232 0.150132
233 0.151964
234 0.149244
235 0.15052
236 0.14866
237 0.150381
238 0.147467
239 0.148869
240 0.146411
241 0.148241
242 0.145601
243 0.147109
244 0.144527
245 0.145671
246 0.142796
247 0.143957
248 0.141451
249 0.142861
250 0.140501
251 0.141961
252 0.140299
253 0.14191
254 0.138995
255 0.140439
256 0.138217
257 0.139579
258 0.137
259 0.138369
260 0.136452
261 0.13774
262 0.135032
263 0.136001
264 0.133517
265 0.134773
266 0.132468
267 0.133648
268 0.131748
269 0.13279
270 0.13086
271 0.132379
272 0.130661
273 0.132314
274 0.130194
275 0.131523
276 0.129579
277 0.13119
278 0.128515
279 0.129896
280 0.128194
281 0.129447
282 0.127161
283 0.128096
284 0.126322
285 0.126972
286 0.124997
287 0.125966
288 0.124012
289 0.125026
290 0.122393
291 0.123263
292 0.121534
293 0.12293
294 0.121422
295 0.122704
296 0.121606
297 0.123112
298 0.12136
299 0.122274
300 0.120391
301 0.121478
302 0.119643
303 0.120737
304 0.119204
305 0.120491
306 0.118335
307 0.119446
308 0.118112
309 0.119331
310 0.117125
311 0.11847
312 0.1161
313 0.117394
314 0.114798
315 0.115898
316 0.11384
317 0.114894
318 0.113338
319 0.114364
320 0.113282
321 0.114787
322 0.112892
323 0.114065
324 0.112584
325 0.113625
326 0.111748
327 0.113088
328 0.111309
329 0.1126
330 0.110749
331 0.111453
332 0.109769
333 0.110635
334 0.10851
335 0.109295
336 0.108049
337 0.109136
338 0.107649
339 0.108481
340 0.107414
341 0.10818
342 0.105702
343 0.106334
344 0.104644
345 0.105447
346 0.10324
347 0.10388
348 0.103206
349 0.103767
350 0.102022
351 0.103289
352 0.102308
353 0.103127
354 0.10158
355 0.102927
356 0.101625
357 0.10283
358 0.101156
359 0.10223
360 0.101104
361 0.102227
362 0.100595
363 0.101126
364 0.0996112
365 0.100569
366 0.0991533
367 0.0995224
368 0.0982644
369 0.0990494
370 0.0981499
371 0.0987534
372 0.0975722
373 0.0987438
374 0.0969976
375 0.0977472
376 0.0965682
377 0.0976956
378 0.0967243
379 0.0979758
380 0.0964375
381 0.0972604
382 0.0954037
383 0.0959915
384 0.0946488
385 0.0953663
386 0.0938457
387 0.0952351
388 0.0940268
389 0.0944876
390 0.092926
391 0.0936364
392 0.0923777
393 0.0937769
394 0.0921401
395 0.0926047
396 0.0914528
397 0.0921557
398 0.0911126
399 0.0915393
400 0.0902587
401 0.0910367
402 0.0898509
403 0.0904932
404 0.0893872
405 0.0903844
406 0.0891048
407 0.0901062
408 0.0896368
409 0.0904698
410 0.0894336
411 0.0896967
412 0.0892752
413 0.089962
414 0.0888713
415 0.0895723
416 0.0891201
417 0.0903493
418 0.0893904
419 0.0893077
420 0.0881828
421 0.0888602
422 0.0879682
423 0.0879618
424 0.0866816
425 0.0876237
426 0.0860393
427 0.0866876
428 0.0855652
429 0.085784
430 0.0840977
431 0.0847248
432 0.0831578
433 0.0838014
434 0.0827725
435 0.0833151
436 0.0822402
437 0.0830473
438 0.0819167
439 0.0822585
440 0.0820058
441 0.0819245
442 0.080943
443 0.0814788
444 0.0801839
445 0.0805601
446 0.079594
447 0.0802818
448 0.0797621
449 0.0805824
450 0.0785825
451 0.0782118
452 0.0766445
453 0.0770412
454 0.0765441
455 0.0770248
456 0.0766366
457 0.0772613
458 0.0763135
459 0.0761757
460 0.0754508
461 0.0761924
462 0.0750932
463 0.076144
464 0.0747715
465 0.07533
466 0.0744494
467 0.0751614
468 0.0743015
469 0.0747763
470 0.0734159
471 0.0732858
472 0.0719326
473 0.0715491
474 0.0699761
475 0.0686339
476 0.0676434
477 0.0672257
478 0.0666485
479 0.0667704
480 0.0660855
481 0.0661204
482 0.0647647
483 0.0644272
484 0.0632348
485 0.0628721
486 0.0618132
487 0.0617384
488 0.060775
489 0.0611943
490 0.0604465
491 0.0606772
492 0.0602387
493 0.0611699
494 0.0607721
495 0.0610839
496 0.0603858
497 0.0601814
498 0.0592688
499 0.0589322
500 0.0586737
501 0.0591877
502 0.0576932
503 0.0572939
504 0.0564571
505 0.0564963
506 0.0560459
507 0.0562176
508 0.0552182
509 0.055627
510 0.0550109
511 0.0551144
512 0.054164
513 0.0541056
514 0.0534831
515 0.0535626
516 0.0527986
517 0.0519589
518 0.0513707
519 0.0514331
520 0.0510962
521 0.050724
522 0.0498898
523 0.049552
524 0.0489845
525 0.0489174
526 0.0480416
527 0.0475066
528 0.0471343
529 0.047138
530 0.0462445
531 0.0457104
532 0.0444512
533 0.0438995
534 0.0430945
535 0.0430905
536 0.0431743
537 0.0431146
538 0.0427599
539 0.0428507
540 0.0425902
541 0.0426465
542 0.0416211
543 0.0411349
544 0.0402545
545 0.0394297
546 0.0381398
547 0.0376395
548 0.0370002
549 0.0362944
550 0.0355025
551 0.0353936
552 0.0346876
553 0.034242
554 0.0336861
555 0.0334499
556 0.0324182
557 0.0319583
558 0.0316922
559 0.0316919
560 0.0316394
561 0.0309883
562 0.0303079
563 0.0308695
564 0.0309542
565 0.0310065
566 0.0310666
567 0.030737
568 0.0304262
569 0.0305569
570 0.0299536
571 0.0297761
572 0.0295854
573 0.0285396
574 0.0287132
575 0.0284548
576 0.028918
577 0.0292707
578 0.0289124
579 0.0296876
580 0.029079
581 0.0300359
582 0.0301634
583 0.0304515
584 0.0303577
585 0.0300037
586 0.0296523
587 0.0292086
588 0.0293309
589 0.029633
590 0.0304661
591 0.0317046
592 0.0326644
593 0.0337569
594 0.0331494
595 0.0339338
596 0.0314569
597 0.0312917
598 0.0310853
599 0.032943
