188.5 0 255.5 0 188.5 0.220500 1
188.5 0 121.5 0 188.5 0.220500 -1
185 0 255.5 0 185 0.265500 1
185 0 114.5 0 185 0.265500 -1
218.5 0 255.5 0 218.5 0.441000 1
218.5 0 181.5 0 218.5 0.441000 -1
234.5 0 256.5 0 234.5 0.706500 1
234.5 0 212.5 0 234.5 0.706500 -1
393.5 0 527.5 0 393.5 0.839250 1
393.5 0 259.5 0 393.5 0.839250 -1
157 0 255.5 0 157 0.882000 1
157 0 58.5 0 157 0.882000 -1
203.5 0 255.5 0 203.5 0.927000 1
203.5 0 151.5 0 203.5 0.927000 -1
229 0 256.5 0 229 1.014750 1
229 0 201.5 0 229 1.014750 -1
308 0 356.5 0 308 1.102500 1
308 0 259.5 0 308 1.102500 -1
241 0 256.5 0 241 1.676250 1
241 0 225.5 0 241 1.676250 -1
285.5 0 312.5 0 285.5 1.721250 1
285.5 0 258.5 0 285.5 1.721250 -1
341 0 423.5 0 341 1.854000 1
341 0 258.5 0 341 1.854000 -1
335 0 411.5 0 335 1.896750 1
335 0 258.5 0 335 1.896750 -1
297.5 0 336.5 0 297.5 1.984500 1
297.5 0 258.5 0 297.5 1.984500 -1
279.5 0 300.5 0 279.5 2.117250 1
279.5 0 258.5 0 279.5 2.117250 -1
314 0 369.5 0 314 2.162250 1
314 0 258.5 0 314 2.162250 -1
273 0 286.5 0 273 2.205000 1
273 0 259.5 0 273 2.205000 -1
249 0 257.5 0 249 2.250000 1
249 0 240.5 0 249 2.250000 -1
310.5 0 565.5 0 310.5 -0.08 -1
310.5 0 55.5 0 310.5 -0.08 1
407.5 0 527.5 0 407.5 -0.156 -1
407.5 0 287.5 0 407.5 -0.156 1
182 0 242.5 0 182 -0.236 -1
182 0 121.5 0 182 -0.236 1
361 0 421.5 0 361 -0.312 -1
361 0 300.5 0 361 -0.312 1
172 0 285.5 0 172 -0.548 -1
172 0 58.5 0 172 -0.548 1
356 0 411.5 0 356 -0.628 -1
356 0 300.5 0 356 -0.628 1
149.5 0 240.5 0 149.5 -0.704 -1
149.5 0 58.5 0 149.5 -0.704 1
292.5 0 527.5 0 292.5 -0.864 -1
292.5 0 57.5 0 292.5 -0.864 1
196 0 240.5 0 196 -0.94 -1
196 0 151.5 0 196 -0.94 1
178.5 0 242.5 0 178.5 -1.02 -1
178.5 0 114.5 0 178.5 -1.02 1
327 0 412.5 0 327 -1.1 -1
327 0 241.5 0 327 -1.1 1
332.5 0 423.5 0 332.5 -1.176 -1
332.5 0 241.5 0 332.5 -1.176 1
335 0 369.5 0 335 -1.332 -1
335 0 300.5 0 335 -1.332 1
354.5 0 421.5 0 354.5 -1.412 -1
354.5 0 287.5 0 354.5 -1.412 1
350 0 412.5 0 350 -1.724 -1
350 0 287.5 0 350 -1.724 1
391.5 0 411.5 0 391.5 -1.884 -1
391.5 0 371.5 0 391.5 -1.884 1
32.5 0 50.5 0 32.5 -2.04 -1
32.5 0 14.5 0 32.5 -2.04 1
264 0 286.5 0 264 -2.116 -1
264 0 241.5 0 264 -2.116 1
210.5 0 239.5 0 210.5 -2.196 -1
210.5 0 181.5 0 210.5 -2.196 1
305.5 0 369.5 0 305.5 -2.276 -1
305.5 0 241.5 0 305.5 -2.276 1
414 0 527.5 0 414 -2.352 -1
414 0 300.5 0 414 -2.352 1
449.5 0 527.5 0 449.5 -2.432 -1
449.5 0 371.5 0 449.5 -2.432 1
470.5 0 527.5 0 470.5 -2.508 -1
470.5 0 413.5 0 470.5 -2.508 1
328.5 0 369.5 0 328.5 -2.588 -1
328.5 0 287.5 0 328.5 -2.588 1
270.5 0 299.5 0 270.5 -2.668 -1
270.5 0 241.5 0 270.5 -2.668 1
396.5 0 421.5 0 396.5 -2.744 -1
396.5 0 371.5 0 396.5 -2.744 1
21 0 31.5 0 21 -2.824 -1
21 0 10.5 0 21 -2.824 1
178.5 0 298.5 0 178.5 -2.9 -1
178.5 0 58.5 0 178.5 -2.9 1
90 0 119.5 0 90 -3.136 -1
90 0 60.5 0 90 -3.136 1
29 0 50.5 0 29 -3.216 -1
29 0 7.5 0 29 -3.216 1
213 0 367.5 0 213 -3.452 -1
213 0 58.5 0 213 -3.452 1
555.5 0 575.5 0 555.5 -3.608 -1
555.5 0 535.5 0 555.5 -3.608 1
549.5 0 563.5 0 549.5 -3.688 -1
549.5 0 535.5 0 549.5 -3.688 1
