188.5 0 255.5 0 188.5 0.073500 1
188.5 0 121.5 0 188.5 0.073500 -1
185 0 255.5 0 185 0.088500 1
185 0 114.5 0 185 0.088500 -1
218.5 0 255.5 0 218.5 0.147000 1
218.5 0 181.5 0 218.5 0.147000 -1
234.5 0 256.5 0 234.5 0.235500 1
234.5 0 212.5 0 234.5 0.235500 -1
393.5 0 527.5 0 393.5 0.279750 1
393.5 0 259.5 0 393.5 0.279750 -1
157 0 255.5 0 157 0.294000 1
157 0 58.5 0 157 0.294000 -1
203.5 0 255.5 0 203.5 0.309000 1
203.5 0 151.5 0 203.5 0.309000 -1
229 0 256.5 0 229 0.338250 1
229 0 201.5 0 229 0.338250 -1
308 0 356.5 0 308 0.367500 1
308 0 259.5 0 308 0.367500 -1
241 0 256.5 0 241 0.558750 1
241 0 225.5 0 241 0.558750 -1
285.5 0 312.5 0 285.5 0.573750 1
285.5 0 258.5 0 285.5 0.573750 -1
341 0 423.5 0 341 0.618000 1
341 0 258.5 0 341 0.618000 -1
335 0 411.5 0 335 0.632250 1
335 0 258.5 0 335 0.632250 -1
297.5 0 336.5 0 297.5 0.661500 1
297.5 0 258.5 0 297.5 0.661500 -1
279.5 0 300.5 0 279.5 0.705750 1
279.5 0 258.5 0 279.5 0.705750 -1
314 0 369.5 0 314 0.720750 1
314 0 258.5 0 314 0.720750 -1
273 0 286.5 0 273 0.735000 1
273 0 259.5 0 273 0.735000 -1
249 0 257.5 0 249 0.750000 1
249 0 240.5 0 249 0.750000 -1
310.5 0 565.5 0 310.5 -0.06 -1
310.5 0 55.5 0 310.5 -0.06 1
407.5 0 527.5 0 407.5 -0.117 -1
407.5 0 287.5 0 407.5 -0.117 1
182 0 242.5 0 182 -0.177 -1
182 0 121.5 0 182 -0.177 1
361 0 421.5 0 361 -0.234 -1
361 0 300.5 0 361 -0.234 1
172 0 285.5 0 172 -0.411 -1
172 0 58.5 0 172 -0.411 1
356 0 411.5 0 356 -0.471 -1
356 0 300.5 0 356 -0.471 1
149.5 0 240.5 0 149.5 -0.528 -1
149.5 0 58.5 0 149.5 -0.528 1
292.5 0 527.5 0 292.5 -0.648 -1
292.5 0 57.5 0 292.5 -0.648 1
196 0 240.5 0 196 -0.705 -1
196 0 151.5 0 196 -0.705 1
178.5 0 242.5 0 178.5 -0.765 -1
178.5 0 114.5 0 178.5 -0.765 1
327 0 412.5 0 327 -0.825 -1
327 0 241.5 0 327 -0.825 1
332.5 0 423.5 0 332.5 -0.882 -1
332.5 0 241.5 0 332.5 -0.882 1
335 0 369.5 0 335 -0.999 -1
335 0 300.5 0 335 -0.999 1
354.5 0 421.5 0 354.5 -1.059 -1
354.5 0 287.5 0 354.5 -1.059 1
350 0 412.5 0 350 -1.293 -1
350 0 287.5 0 350 -1.293 1
391.5 0 411.5 0 391.5 -1.413 -1
391.5 0 371.5 0 391.5 -1.413 1
32.5 0 50.5 0 32.5 -1.53 -1
32.5 0 14.5 0 32.5 -1.53 1
264 0 286.5 0 264 -1.587 -1
264 0 241.5 0 264 -1.587 1
210.5 0 239.5 0 210.5 -1.647 -1
210.5 0 181.5 0 210.5 -1.647 1
305.5 0 369.5 0 305.5 -1.707 -1
305.5 0 241.5 0 305.5 -1.707 1
414 0 527.5 0 414 -1.764 -1
414 0 300.5 0 414 -1.764 1
449.5 0 527.5 0 449.5 -1.824 -1
449.5 0 371.5 0 449.5 -1.824 1
470.5 0 527.5 0 470.5 -1.881 -1
470.5 0 413.5 0 470.5 -1.881 1
328.5 0 369.5 0 328.5 -1.941 -1
328.5 0 287.5 0 328.5 -1.941 1
270.5 0 299.5 0 270.5 -2.001 -1
270.5 0 241.5 0 270.5 -2.001 1
396.5 0 421.5 0 396.5 -2.058 -1
396.5 0 371.5 0 396.5 -2.058 1
21 0 31.5 0 21 -2.118 -1
21 0 10.5 0 21 -2.118 1
178.5 0 298.5 0 178.5 -2.175 -1
178.5 0 58.5 0 178.5 -2.175 1
90 0 119.5 0 90 -2.352 -1
90 0 60.5 0 90 -2.352 1
29 0 50.5 0 29 -2.412 -1
29 0 7.5 0 29 -2.412 1
213 0 367.5 0 213 -2.589 -1
213 0 58.5 0 213 -2.589 1
555.5 0 575.5 0 555.5 -2.706 -1
555.5 0 535.5 0 555.5 -2.706 1
549.5 0 563.5 0 549.5 -2.766 -1
549.5 0 535.5 0 549.5 -2.766 1
