1 11.8048
2 11.8048
3 11.5698
4 6.24616
5 3.45162
6 2.26643
7 1.6829
8 1.34822
9 1.14185
10 1
11 0.903518
12 0.829327
13 0.776333
14 0.730128
15 0.696676
16 0.667295
17 0.646642
18 0.625147
19 0.611481
20 0.594126
21 0.584689
22 0.571265
23 0.563845
24 0.552183
25 0.547346
26 0.536521
27 0.530719
28 0.519677
29 0.514957
30 0.50396
31 0.496911
32 0.485643
33 0.480238
34 0.470582
35 0.466791
36 0.459409
37 0.459329
38 0.452608
39 0.450751
40 0.443854
41 0.442257
42 0.433261
43 0.428394
44 0.418366
45 0.413811
46 0.40334
47 0.398525
48 0.389501
49 0.387307
50 0.379017
51 0.377698
52 0.370989
53 0.370967
54 0.364784
55 0.365777
56 0.361328
57 0.362159
58 0.356166
59 0.356291
60 0.350366
61 0.349734
62 0.342905
63 0.340392
64 0.332803
65 0.331785
66 0.325264
67 0.325028
68 0.320007
69 0.320745
70 0.315625
71 0.315229
72 0.310543
73 0.311103
74 0.305873
75 0.30623
76 0.301638
77 0.303017
78 0.298479
79 0.299495
80 0.295985
81 0.297275
82 0.292326
83 0.293119
84 0.288476
85 0.288919
86 0.28284
87 0.28287
88 0.277941
89 0.278775
90 0.274408
91 0.274921
92 0.271368
93 0.273006
94 0.26719
95 0.268066
96 0.26484
97 0.26597
98 0.261121
99 0.262293
100 0.258675
101 0.259667
102 0.254721
103 0.255788
104 0.251489
105 0.253015
106 0.248653
107 0.250294
108 0.247471
109 0.250377
110 0.246361
111 0.248385
112 0.244951
113 0.247097
114 0.242954
115 0.244451
116 0.240705
117 0.24205
118 0.23762
119 0.23871
120 0.234828
121 0.236343
122 0.231533
123 0.233185
124 0.229062
125 0.231272
126 0.227057
127 0.227965
128 0.224449
129 0.226268
130 0.222467
131 0.223755
132 0.22041
133 0.221538
134 0.217558
135 0.219203
136 0.214806
137 0.217476
138 0.213594
139 0.214889
140 0.211337
141 0.213467
142 0.209891
143 0.21091
144 0.20793
145 0.209327
146 0.205482
147 0.206777
148 0.204293
149 0.206034
150 0.202856
151 0.204623
152 0.20158
153 0.203575
154 0.199978
155 0.200614
156 0.197437
157 0.198833
158 0.195552
159 0.19597
160 0.192444
161 0.193742
162 0.189784
163 0.190588
164 0.187428
165 0.189483
166 0.185809
167 0.186559
168 0.183664
169 0.184537
170 0.181343
171 0.182582
172 0.179065
173 0.181489
174 0.177644
175 0.178775
176 0.175289
177 0.177302
178 0.174265
179 0.174832
180 0.172805
181 0.174522
182 0.170977
183 0.171938
184 0.169776
185 0.171471
186 0.168254
187 0.168837
188 0.166797
189 0.168156
190 0.165028
191 0.166793
192 0.164184
193 0.165806
194 0.16324
195 0.164155
196 0.162028
197 0.16351
198 0.160628
199 0.162165
200 0.158946
201 0.16055
202 0.158248
203 0.159183
204 0.156447
205 0.158532
206 0.154856
207 0.156085
208 0.153208
209 0.15514
210 0.151949
211 0.153322
212 0.150879
213 0.151934
214 0.148512
215 0.149671
216 0.147398
217 0.148368
218 0.146173
219 0.14692
220 0.144168
221 0.146201
222 0.143625
223 0.144903
224 0.142902
225 0.144495
226 0.142295
227 0.143081
228 0.140929
229 0.141792
230 0.139449
231 0.13998
232 0.137447
233 0.138507
234 0.136457
235 0.137976
236 0.134939
237 0.136656
238 0.133601
239 0.134169
240 0.131534
241 0.133627
242 0.131596
243 0.132166
244 0.129826
245 0.1314
246 0.128884
247 0.129712
248 0.127538
249 0.129245
250 0.126492
251 0.128473
252 0.126302
253 0.127933
254 0.124309
255 0.125582
256 0.123534
257 0.124718
258 0.122827
259 0.123922
260 0.121818
261 0.12322
262 0.120728
263 0.121958
264 0.119936
265 0.121412
266 0.118974
267 0.11984
268 0.117883
269 0.119075
270 0.117621
271 0.119079
272 0.117827
273 0.119475
274 0.116643
275 0.117932
276 0.116103
277 0.117315
278 0.115535
279 0.11646
280 0.114762
281 0.115925
282 0.113446
283 0.114721
284 0.113276
285 0.114291
286 0.111471
287 0.112839
288 0.110895
289 0.112074
290 0.11041
291 0.111341
292 0.108954
293 0.109894
294 0.108553
295 0.109092
296 0.108255
297 0.109398
298 0.107464
299 0.108023
300 0.107045
301 0.108288
302 0.106324
303 0.106826
304 0.10553
305 0.108064
306 0.107985
307 0.110055
308 0.108374
309 0.110342
310 0.107444
311 0.108959
312 0.105818
313 0.105133
314 0.102475
315 0.102929
316 0.101156
317 0.101863
318 0.100745
319 0.101537
320 0.0996528
321 0.100629
322 0.0989223
323 0.0990445
324 0.0974935
325 0.0982027
326 0.0961526
327 0.0960899
328 0.0945986
329 0.0951037
330 0.0935962
331 0.0949105
332 0.0933713
333 0.0945311
334 0.0926175
335 0.0931483
336 0.0918039
337 0.0930129
338 0.0912928
339 0.0915791
340 0.0907944
341 0.0920441
342 0.0907876
343 0.0916231
344 0.0901331
345 0.0911402
346 0.0892357
347 0.0898014
348 0.0882252
349 0.0897563
350 0.0881564
351 0.0888544
352 0.0876513
353 0.0880212
354 0.086288
355 0.0863621
356 0.0847324
357 0.0865078
358 0.0841014
359 0.0851295
360 0.0841665
361 0.0855956
362 0.0842584
363 0.0848545
364 0.0830197
365 0.0843817
366 0.0827424
367 0.0833063
368 0.0819809
369 0.082167
370 0.0812701
371 0.0817256
372 0.0816541
373 0.0822842
374 0.0810185
375 0.0815065
376 0.0800732
377 0.0816529
378 0.0806953
379 0.082192
380 0.0815699
381 0.0822284
382 0.080143
383 0.0797888
384 0.0781106
385 0.0783464
386 0.0769047
387 0.0781522
388 0.0766852
389 0.0782731
390 0.0771044
391 0.0776289
392 0.076791
393 0.0779383
394 0.0761454
395 0.0757831
396 0.0753669
397 0.0755352
398 0.0748081
399 0.0765677
400 0.0754456
401 0.0775168
402 0.0756538
403 0.0760932
404 0.0751622
405 0.0757427
406 0.0751296
407 0.0751135
408 0.0735811
409 0.0750299
410 0.0735645
411 0.0742218
412 0.0739859
413 0.0745415
414 0.0733811
415 0.0733281
416 0.0723769
417 0.0736047
418 0.0721538
419 0.07246
420 0.0719467
421 0.072548
422 0.0706722
423 0.0713533
424 0.0710786
425 0.0707814
426 0.0705414
427 0.0707282
428 0.0701063
429 0.0713185
430 0.0695669
431 0.0698017
432 0.0691046
433 0.0696422
434 0.0698182
435 0.0690951
436 0.069134
437 0.0705198
438 0.0693217
439 0.0694696
440 0.0689983
441 0.0680243
442 0.0672303
443 0.0662591
444 0.0653413
445 0.0668591
446 0.064072
447 0.0648322
448 0.0650577
449 0.06438
450 0.0628698
451 0.0631138
452 0.0620308
453 0.0616167
454 0.0624795
455 0.0633445
456 0.0621038
457 0.0623944
458 0.0618005
459 0.0624781
460 0.0602635
461 0.0617706
462 0.0609471
463 0.060506
464 0.0606266
465 0.0607537
466 0.0605375
467 0.0610085
468 0.0599051
469 0.0600209
470 0.0597918
471 0.0589584
472 0.0581777
473 0.0587579
474 0.0570134
475 0.0567326
476 0.055859
477 0.0554916
478 0.0546896
479 0.054996
480 0.0545872
481 0.0539587
482 0.0530734
483 0.052592
484 0.051658
485 0.0517188
486 0.0508817
487 0.0507117
488 0.050577
489 0.0512891
490 0.0503229
491 0.0498874
492 0.0491585
493 0.0493191
494 0.0486912
495 0.0489029
496 0.0488898
497 0.0486714
498 0.0478712
499 0.0479955
500 0.0479769
501 0.0482356
502 0.0471505
503 0.0466672
504 0.046581
505 0.0467087
506 0.0466845
507 0.0464113
508 0.0459358
509 0.0450818
510 0.0445751
511 0.0444235
512 0.0433636
513 0.0433007
514 0.0428865
515 0.0425053
516 0.0423043
517 0.041679
518 0.0413142
519 0.0406497
520 0.0399512
521 0.0396968
522 0.0386635
523 0.0385852
524 0.0369726
525 0.037607
526 0.0371081
527 0.0373141
528 0.0361146
529 0.0356271
530 0.0352072
531 0.0346873
532 0.034121
533 0.0338559
534 0.032596
535 0.0326669
536 0.0327417
537 0.0329708
538 0.0335011
539 0.032833
540 0.0320987
541 0.0323088
542 0.0319528
543 0.0300883
544 0.0298846
545 0.0291661
546 0.0277114
547 0.0275568
548 0.0267214
549 0.0268102
550 0.0267133
551 0.0269886
552 0.0266369
553 0.0266417
554 0.0262418
555 0.0262875
556 0.0262699
557 0.0257409
558 0.0253843
559 0.0251241
560 0.0249772
561 0.0248977
562 0.024191
563 0.0249957
564 0.0246943
565 0.0247861
566 0.0245593
567 0.0246391
568 0.0247378
569 0.0244449
570 0.0245085
571 0.0235094
572 0.0233617
573 0.0237386
574 0.0231142
575 0.0233952
576 0.0234782
577 0.0224795
578 0.0224658
579 0.0227934
580 0.0223567
581 0.0221886
582 0.022241
583 0.0222952
584 0.0225456
585 0.0224619
586 0.0221488
587 0.0234717
588 0.0230714
589 0.0236833
590 0.0232848
591 0.0242675
592 0.0250942
593 0.025878
594 0.0253867
595 0.025919
596 0.0253662
597 0.0238307
598 0.0241992
599 0.023585
