1 5.53764
2 5.53764
3 5.33936
4 3.59791
5 2.49485
6 1.90322
7 1.54625
8 1.30521
9 1.132
10 1
11 0.89713
12 0.815022
13 0.746907
14 0.691682
15 0.646128
16 0.605752
17 0.571083
18 0.541338
19 0.514016
20 0.490312
21 0.46934
22 0.449557
23 0.432633
24 0.416872
25 0.402258
26 0.389263
27 0.377765
28 0.366247
29 0.355682
30 0.348102
31 0.340435
32 0.332497
33 0.325447
34 0.318318
35 0.312151
36 0.306759
37 0.300658
38 0.295427
39 0.290179
40 0.285979
41 0.281852
42 0.278187
43 0.273848
44 0.271214
45 0.267907
46 0.265118
47 0.261968
48 0.259494
49 0.255847
50 0.253342
51 0.250299
52 0.248637
53 0.245922
54 0.243756
55 0.241691
56 0.239101
57 0.236851
58 0.234791
59 0.233498
60 0.231998
61 0.229793
62 0.227257
63 0.225599
64 0.223727
65 0.221608
66 0.220825
67 0.218397
68 0.21661
69 0.215539
70 0.212487
71 0.213294
72 0.211367
73 0.209186
74 0.207465
75 0.206987
76 0.206615
77 0.204743
78 0.20462
79 0.203311
80 0.19954
81 0.198655
82 0.197433
83 0.195644
84 0.193642
85 0.191918
86 0.191018
87 0.188813
88 0.187271
89 0.186294
90 0.18397
91 0.183342
92 0.182288
93 0.179863
94 0.178676
95 0.177045
96 0.17624
97 0.175262
98 0.173898
99 0.171579
100 0.171311
101 0.170218
102 0.169743
103 0.169107
104 0.167366
105 0.165143
106 0.165967
107 0.164718
108 0.162657
109 0.16255
110 0.161624
111 0.161659
112 0.1593
113 0.157936
114 0.158121
115 0.157969
116 0.156205
117 0.155987
118 0.153761
119 0.154835
120 0.152846
121 0.15201
122 0.150724
123 0.149848
124 0.148977
125 0.14853
126 0.146575
127 0.145398
128 0.145212
129 0.142703
130 0.142581
131 0.141976
132 0.141955
133 0.140899
134 0.140787
135 0.140979
136 0.138023
137 0.137345
138 0.137344
139 0.137517
140 0.135493
141 0.135712
142 0.134604
143 0.135285
144 0.134708
145 0.133389
146 0.132981
147 0.133133
148 0.131097
149 0.131534
150 0.13218
151 0.130704
152 0.129675
153 0.12907
154 0.128771
155 0.12879
156 0.128519
157 0.127535
158 0.12745
159 0.127138
160 0.12726
161 0.126408
162 0.124991
163 0.125741
164 0.126555
165 0.124595
166 0.124029
167 0.122739
168 0.122881
169 0.122922
170 0.12167
171 0.121859
172 0.120795
173 0.120045
174 0.120704
175 0.11772
176 0.119104
177 0.11878
178 0.119036
179 0.118213
180 0.117113
181 0.117772
182 0.11727
183 0.115935
184 0.114937
185 0.114976
186 0.115121
187 0.113398
188 0.114281
189 0.114355
190 0.114559
191 0.113914
192 0.11373
193 0.114346
194 0.113628
195 0.114791
196 0.113299
197 0.114022
198 0.113302
199 0.113712
200 0.112486
201 0.111539
202 0.113399
203 0.111668
204 0.111852
205 0.111364
206 0.110358
207 0.110757
208 0.11096
209 0.110428
210 0.108814
211 0.109513
212 0.108476
213 0.109234
214 0.109811
215 0.10873
216 0.108427
217 0.109059
218 0.109815
219 0.108177
220 0.108934
221 0.108041
222 0.108455
223 0.106874
224 0.107074
225 0.106378
226 0.106357
227 0.103905
228 0.10595
229 0.103812
230 0.103457
231 0.103204
232 0.102634
233 0.101049
234 0.10168
235 0.101668
236 0.100812
237 0.101906
238 0.100849
239 0.09996
240 0.100364
241 0.0982307
242 0.0981784
243 0.0971109
244 0.0968381
245 0.0964914
246 0.0953013
247 0.0952246
248 0.0959204
249 0.0924905
250 0.0949156
251 0.0933114
252 0.0922159
253 0.0924302
254 0.0909542
255 0.0900503
256 0.089599
257 0.0892247
258 0.0899895
259 0.08895
260 0.0891185
261 0.0889281
262 0.0885025
263 0.0881923
264 0.0861642
265 0.085636
266 0.085309
267 0.0860751
268 0.0850111
269 0.0835946
270 0.0823736
271 0.0808071
272 0.0796106
273 0.0806328
274 0.0796596
275 0.0793172
276 0.0771293
277 0.0775637
278 0.0777772
279 0.0757152
280 0.0766169
281 0.0772105
282 0.0754293
283 0.0770288
284 0.0764255
285 0.0755414
286 0.0731999
287 0.073267
288 0.0731945
289 0.0740025
290 0.0726697
291 0.0710918
292 0.0717576
293 0.0730622
294 0.0714283
295 0.0707572
296 0.0711716
297 0.0705077
298 0.0689181
299 0.0715914
300 0.0697665
301 0.0706322
302 0.0707754
303 0.0690386
304 0.0685199
305 0.0696701
306 0.0683837
307 0.0688548
308 0.0687345
309 0.0675547
310 0.068235
311 0.066779
312 0.0666044
313 0.0673893
314 0.0656701
315 0.0674813
316 0.0645049
317 0.0668967
318 0.0654941
319 0.0675742
320 0.0660153
321 0.0636041
322 0.0644951
323 0.0647245
324 0.0640974
325 0.0656752
326 0.0636548
327 0.0639429
328 0.0660565
329 0.0647246
330 0.064726
331 0.0635346
332 0.0647499
333 0.0630087
334 0.0644798
335 0.0639888
336 0.0644327
337 0.0635185
338 0.0623919
339 0.0624905
340 0.0621723
341 0.060612
342 0.0614928
343 0.0615688
344 0.0618553
345 0.0615354
346 0.0618091
347 0.0626177
348 0.0615595
349 0.0627893
350 0.0622583
351 0.061736
352 0.0615755
353 0.0598107
354 0.0599047
355 0.0614498
356 0.0608685
357 0.0588256
358 0.0603078
359 0.0580195
360 0.0590998
361 0.0571188
362 0.0568102
363 0.0567155
364 0.0565589
365 0.0552817
366 0.0554056
367 0.055431
368 0.0560178
369 0.0526695
370 0.0541868
371 0.0552925
372 0.0552359
373 0.0540821
374 0.0533589
375 0.0523803
376 0.0531157
377 0.0525627
378 0.0519085
379 0.0522543
380 0.0513198
381 0.0522866
382 0.052079
383 0.0496093
384 0.0507526
385 0.0516865
386 0.0512852
387 0.0506621
388 0.0502912
389 0.0496225
390 0.0481176
391 0.0505027
392 0.0482502
393 0.0466002
394 0.0450364
395 0.0475496
396 0.0441457
397 0.0461279
398 0.0445441
399 0.0452614
400 0.0461428
401 0.0432181
402 0.0430875
403 0.0425437
404 0.0431163
405 0.040325
406 0.0421835
407 0.0420041
408 0.042899
409 0.0400807
410 0.041407
411 0.0394329
412 0.0408966
413 0.0400981
414 0.0402943
415 0.0392883
416 0.0400006
417 0.0399424
418 0.0385516
419 0.0368484
420 0.038622
421 0.0353681
422 0.0369422
423 0.0374778
424 0.0366017
425 0.0356908
426 0.0353014
427 0.0358275
428 0.0361658
429 0.0366461
430 0.0352921
431 0.0362169
432 0.0351091
433 0.03714
434 0.0337228
435 0.035326
436 0.0354803
437 0.0375733
438 0.0348187
439 0.0337696
440 0.0355129
441 0.0356155
442 0.0336351
443 0.0353302
444 0.0363362
445 0.036465
446 0.0354189
447 0.0348442
448 0.0351681
449 0.0365002
450 0.0359073
451 0.0354232
452 0.0354032
453 0.0358244
454 0.0378439
455 0.0356389
456 0.0371828
457 0.0368212
458 0.0346265
459 0.0347284
460 0.0353102
461 0.0350087
462 0.0347858
463 0.0351043
464 0.0345989
465 0.034783
466 0.0341026
467 0.0349507
468 0.0355131
469 0.0335076
470 0.0342671
471 0.0340612
472 0.0343437
473 0.0331893
474 0.0344
475 0.0350794
476 0.034201
477 0.0336205
478 0.0321762
479 0.0345369
480 0.0325638
481 0.0342225
482 0.0344737
483 0.0333583
484 0.0347854
485 0.034185
486 0.03368
487 0.0338883
488 0.033088
489 0.0335667
490 0.0323456
491 0.0315737
492 0.0322625
493 0.0305041
494 0.0326366
495 0.0294626
496 0.0295936
497 0.0295243
498 0.0306488
499 0.0304587
500 0.0287314
501 0.0288194
502 0.0294438
503 0.0285956
504 0.0280173
505 0.0282762
506 0.0285499
507 0.0280548
508 0.0294983
509 0.0277443
510 0.0272725
511 0.0278908
512 0.0278116
513 0.0278606
514 0.027509
515 0.0256882
516 0.0254258
517 0.0247188
518 0.0252442
519 0.02552
520 0.0245031
521 0.0245288
522 0.0240999
523 0.0239076
524 0.0232127
525 0.0221707
526 0.0217727
527 0.0211918
528 0.020444
529 0.0210723
530 0.0204502
531 0.0203403
532 0.020167
533 0.0195102
534 0.0192439
535 0.0188952
536 0.0181196
537 0.0175577
538 0.0174631
539 0.016378
540 0.0163212
541 0.0162683
542 0.015733
543 0.0157431
544 0.0152735
545 0.0151797
546 0.0150302
547 0.0151802
548 0.0161958
549 0.0157309
550 0.0161665
551 0.014691
552 0.01515
553 0.014755
554 0.0144668
555 0.0155365
556 0.0145781
557 0.0150176
558 0.0144406
559 0.013644
560 0.0131892
561 0.013033
562 0.0128101
563 0.0129401
564 0.0112821
565 0.0113091
566 0.0117087
567 0.0107996
568 0.0110038
569 0.0110523
570 0.0112591
571 0.0102795
572 0.00967485
573 0.0102123
574 0.00916408
575 0.0104385
576 0.00954253
577 0.0105698
578 0.0100021
579 0.00942089
580 0.00942089
581 0.00973683
582 0.00950926
583 0.00969244
584 0.00960889
585 0.00939536
586 0.00891538
587 0.0087972
588 0.00857837
589 0.00836391
590 0.00846895
591 0.00781244
592 0.00735289
593 0.00658696
594 0.00666355
595 0.008272
596 0.00674015
597 0.00658696
598 0.00758267
599 0.00919111
