1 5.18013
2 5.18013
3 5.00287
4 3.45234
5 2.44395
6 1.8913
7 1.5482
8 1.31027
9 1.13431
10 1
11 0.894319
12 0.808403
13 0.739186
14 0.680442
15 0.630455
16 0.588903
17 0.552075
18 0.520382
19 0.492119
20 0.467516
21 0.444982
22 0.425067
23 0.407439
24 0.391617
25 0.377265
26 0.363906
27 0.352285
28 0.340926
29 0.330603
30 0.322083
31 0.314089
32 0.306268
33 0.299076
34 0.291615
35 0.285011
36 0.27893
37 0.272188
38 0.266859
39 0.261984
40 0.257746
41 0.253339
42 0.249522
43 0.24508
44 0.241888
45 0.238185
46 0.23516
47 0.231795
48 0.229096
49 0.22573
50 0.223475
51 0.220576
52 0.218574
53 0.215293
54 0.212852
55 0.210787
56 0.209006
57 0.206827
58 0.204676
59 0.203154
60 0.201009
61 0.199882
62 0.198298
63 0.196334
64 0.19493
65 0.193013
66 0.192323
67 0.190665
68 0.189243
69 0.188768
70 0.18637
71 0.187332
72 0.186016
73 0.184182
74 0.183231
75 0.181723
76 0.181423
77 0.179546
78 0.179382
79 0.178856
80 0.175828
81 0.174951
82 0.17445
83 0.172701
84 0.172066
85 0.170914
86 0.170134
87 0.168144
88 0.167484
89 0.167461
90 0.166388
91 0.166446
92 0.165438
93 0.163191
94 0.162453
95 0.161289
96 0.160675
97 0.160038
98 0.159008
99 0.157057
100 0.156087
101 0.155205
102 0.154933
103 0.154216
104 0.152308
105 0.150557
106 0.152024
107 0.150746
108 0.148541
109 0.148637
110 0.147158
111 0.146853
112 0.143887
113 0.142934
114 0.14188
115 0.14173
116 0.139728
117 0.13989
118 0.1381
119 0.138629
120 0.137561
121 0.137351
122 0.136229
123 0.13625
124 0.136309
125 0.135694
126 0.134313
127 0.133555
128 0.132919
129 0.130325
130 0.130166
131 0.129746
132 0.129775
133 0.128551
134 0.129521
135 0.129055
136 0.125987
137 0.125481
138 0.124383
139 0.125023
140 0.122672
141 0.122902
142 0.122128
143 0.122831
144 0.121859
145 0.121379
146 0.119844
147 0.120359
148 0.117621
149 0.118639
150 0.11911
151 0.117569
152 0.116927
153 0.115534
154 0.115155
155 0.115258
156 0.114545
157 0.113862
158 0.113335
159 0.112331
160 0.112271
161 0.111003
162 0.109969
163 0.109736
164 0.110259
165 0.107632
166 0.108051
167 0.107129
168 0.107136
169 0.107031
170 0.105678
171 0.105894
172 0.103951
173 0.103897
174 0.105027
175 0.102189
176 0.102727
177 0.102482
178 0.102209
179 0.101594
180 0.0996271
181 0.100371
182 0.0990344
183 0.0982992
184 0.0970708
185 0.0970576
186 0.0979259
187 0.0964774
188 0.0974623
189 0.0969902
190 0.0968433
191 0.0959156
192 0.0956095
193 0.0967494
194 0.0959192
195 0.0963028
196 0.0953577
197 0.0960637
198 0.0955613
199 0.0960868
200 0.0944514
201 0.0937078
202 0.0955269
203 0.0942131
204 0.0945961
205 0.094511
206 0.0946208
207 0.0948474
208 0.0949692
209 0.094769
210 0.0935316
211 0.0936349
212 0.0926534
213 0.0934099
214 0.0938699
215 0.0932218
216 0.0923931
217 0.0937666
218 0.0936962
219 0.0917885
220 0.0923224
221 0.0918434
222 0.0919566
223 0.0913432
224 0.0909045
225 0.0909217
226 0.0902894
227 0.0882815
228 0.0894312
229 0.0870722
230 0.0870405
231 0.0864535
232 0.0864978
233 0.0847709
234 0.0846455
235 0.0842278
236 0.0849391
237 0.0851095
238 0.0843778
239 0.0833828
240 0.0848389
241 0.0823135
242 0.0830246
243 0.0819199
244 0.0818349
245 0.0815271
246 0.0815091
247 0.0814887
248 0.0823569
249 0.0793134
250 0.0816402
251 0.0807724
252 0.0792396
253 0.080096
254 0.0791816
255 0.0777326
256 0.0777827
257 0.0778672
258 0.0782762
259 0.0772496
260 0.0776178
261 0.0771394
262 0.0771736
263 0.077092
264 0.0750269
265 0.0746348
266 0.0755253
267 0.0748268
268 0.0745575
269 0.073449
270 0.0725963
271 0.0717818
272 0.0715834
273 0.073248
274 0.07233
275 0.0721839
276 0.0716602
277 0.0716259
278 0.071514
279 0.0703288
280 0.0706521
281 0.0719022
282 0.0707002
283 0.0712568
284 0.0699734
285 0.0704375
286 0.0688535
287 0.0690706
288 0.0686062
289 0.0702963
290 0.0687207
291 0.0666715
292 0.0666375
293 0.0678301
294 0.0666037
295 0.0660988
296 0.0669161
297 0.0668944
298 0.0647185
299 0.0673357
300 0.0655035
301 0.0660722
302 0.0666197
303 0.0644329
304 0.0642275
305 0.0655081
306 0.063339
307 0.0636214
308 0.0637583
309 0.0624447
310 0.063886
311 0.0631214
312 0.0637817
313 0.0641952
314 0.062754
315 0.0648461
316 0.062783
317 0.0645124
318 0.0623036
319 0.0656794
320 0.0633417
321 0.063068
322 0.0636155
323 0.0631914
324 0.0632979
325 0.0632955
326 0.0617723
327 0.0623013
328 0.0638796
329 0.0628434
330 0.0624729
331 0.0624361
332 0.0623053
333 0.0601276
334 0.0616275
335 0.0607519
336 0.0613265
337 0.0608594
338 0.0604714
339 0.0609659
340 0.0614864
341 0.0594942
342 0.0605919
343 0.0603849
344 0.0597985
345 0.0601221
346 0.0600122
347 0.0605403
348 0.0601863
349 0.0614388
350 0.0617188
351 0.0612423
352 0.0613901
353 0.0580987
354 0.0575716
355 0.0605905
356 0.0598857
357 0.0583583
358 0.0609754
359 0.0577781
360 0.0592989
361 0.0564552
362 0.0577607
363 0.0581212
364 0.058723
365 0.0568179
366 0.0571749
367 0.056726
368 0.0585236
369 0.0549678
370 0.0571978
371 0.0571569
372 0.058414
373 0.0568131
374 0.056918
375 0.0553346
376 0.0567312
377 0.0562611
378 0.0565201
379 0.0570863
380 0.0564532
381 0.0586275
382 0.0587186
383 0.0551769
384 0.0566773
385 0.0579982
386 0.057775
387 0.0592205
388 0.0570386
389 0.0559854
390 0.0542927
391 0.0571099
392 0.0555948
393 0.0547514
394 0.0510558
395 0.056023
396 0.0527995
397 0.0538623
398 0.0532309
399 0.0543912
400 0.0552134
401 0.0533678
402 0.0533562
403 0.0545989
404 0.0554421
405 0.0511132
406 0.0540144
407 0.0534558
408 0.0549422
409 0.0514354
410 0.0536072
411 0.0499969
412 0.0524995
413 0.0519423
414 0.0534023
415 0.0515448
416 0.0497476
417 0.0530414
418 0.0484449
419 0.049037
420 0.0511746
421 0.0486516
422 0.0505644
423 0.0508454
424 0.0502385
425 0.0487522
426 0.0487823
427 0.0502007
428 0.050419
429 0.0517822
430 0.0492199
431 0.0503836
432 0.0482683
433 0.0509705
434 0.0466139
435 0.0469909
436 0.0486696
437 0.0521539
438 0.0483028
439 0.0458095
440 0.0493318
441 0.0489444
442 0.046786
443 0.0470891
444 0.0480301
445 0.0467997
446 0.0470172
447 0.0457573
448 0.0457897
449 0.0471156
450 0.0473069
451 0.045583
452 0.0452088
453 0.0454263
454 0.0474275
455 0.0451568
456 0.0469458
457 0.0462792
458 0.0438983
459 0.0442457
460 0.0456033
461 0.0452869
462 0.0453232
463 0.0455895
464 0.0448849
465 0.0461821
466 0.0452944
467 0.0462329
468 0.0467074
469 0.0446771
470 0.0445725
471 0.0446829
472 0.0443813
473 0.0443439
474 0.0454501
475 0.0458546
476 0.0435932
477 0.0421221
478 0.0409006
479 0.0427498
480 0.0405638
481 0.0418804
482 0.0426117
483 0.0405295
484 0.0398755
485 0.0412275
486 0.0403656
487 0.038838
488 0.0386379
489 0.038645
490 0.0388816
491 0.0384009
492 0.0388968
493 0.0366783
494 0.0387819
495 0.0368349
496 0.036881
497 0.0378138
498 0.0373753
499 0.037534
500 0.0353453
501 0.0359865
502 0.0348585
503 0.0355051
504 0.0348354
505 0.0340706
506 0.034382
507 0.033306
508 0.0334095
509 0.0324315
510 0.0322884
511 0.0321399
512 0.0324405
513 0.0330834
514 0.03268
515 0.0321362
516 0.0316959
517 0.0307948
518 0.0294668
519 0.030522
520 0.0286469
521 0.0291696
522 0.0285725
523 0.0289724
524 0.0279617
525 0.0274184
526 0.0267198
527 0.0272783
528 0.0261882
529 0.0272821
530 0.0257335
531 0.0261577
532 0.0258532
533 0.0259593
534 0.0250275
535 0.0256132
536 0.0252528
537 0.0252242
538 0.0250219
539 0.0252081
540 0.0245556
541 0.0252282
542 0.0236058
543 0.0237789
544 0.0229357
545 0.0224884
546 0.0222909
547 0.0214805
548 0.0220545
549 0.0224368
550 0.0225076
551 0.0233248
552 0.0232425
553 0.0220317
554 0.0226636
555 0.0235611
556 0.0227362
557 0.0230757
558 0.0239083
559 0.0232287
560 0.0228915
561 0.0221478
562 0.0212436
563 0.0219695
564 0.0212364
565 0.0205224
566 0.0205224
567 0.0195384
568 0.0190583
569 0.0183562
570 0.0190583
571 0.0189829
572 0.0195712
573 0.0196076
574 0.0196989
575 0.0195291
576 0.0203058
577 0.0197748
578 0.0211909
579 0.020696
580 0.0203838
581 0.0199091
582 0.0204362
583 0.0204782
584 0.0209081
585 0.0208734
586 0.0209355
587 0.0211259
588 0.0210167
589 0.0203766
590 0.0198362
591 0.020348
592 0.0200818
593 0.0207062
594 0.0197748
595 0.0180552
596 0.016479
597 0.0163357
598 0.015261
599 0.0154759
