1 4.32271
2 4.32271
3 4.18495
4 2.99476
5 2.20021
6 1.75733
7 1.47427
8 1.2729
9 1.12078
10 1
11 0.903062
12 0.824032
13 0.757083
14 0.699744
15 0.651543
16 0.610362
17 0.573417
18 0.540532
19 0.512377
20 0.486758
21 0.464202
22 0.44288
23 0.424551
24 0.407253
25 0.391149
26 0.377073
27 0.362425
28 0.350973
29 0.339803
30 0.328927
31 0.319551
32 0.310413
33 0.302074
34 0.294894
35 0.287426
36 0.280067
37 0.27291
38 0.266504
39 0.260798
40 0.254346
41 0.249096
42 0.24427
43 0.239774
44 0.235661
45 0.231261
46 0.227753
47 0.224401
48 0.220972
49 0.2174
50 0.214603
51 0.211573
52 0.208578
53 0.205219
54 0.202874
55 0.19993
56 0.197587
57 0.195388
58 0.193484
59 0.190798
60 0.188437
61 0.186174
62 0.184475
63 0.182997
64 0.181318
65 0.179169
66 0.177911
67 0.175809
68 0.173739
69 0.172493
70 0.170662
71 0.168606
72 0.167604
73 0.166355
74 0.165033
75 0.16389
76 0.163156
77 0.16174
78 0.160866
79 0.159996
80 0.158818
81 0.157279
82 0.156364
83 0.155087
84 0.153677
85 0.152935
86 0.152167
87 0.151004
88 0.149826
89 0.148411
90 0.147513
91 0.145964
92 0.144678
93 0.143362
94 0.141683
95 0.14064
96 0.140066
97 0.138886
98 0.138072
99 0.137289
100 0.137007
101 0.136367
102 0.136059
103 0.135134
104 0.134771
105 0.133739
106 0.133729
107 0.133223
108 0.133092
109 0.131825
110 0.130942
111 0.13057
112 0.129473
113 0.128974
114 0.127535
115 0.127517
116 0.127211
117 0.126821
118 0.126434
119 0.125097
120 0.125021
121 0.123742
122 0.123208
123 0.123412
124 0.122833
125 0.122309
126 0.122462
127 0.122321
128 0.121977
129 0.121485
130 0.121107
131 0.120673
132 0.1198
133 0.119076
134 0.118632
135 0.117709
136 0.117069
137 0.117068
138 0.116279
139 0.115805
140 0.115932
141 0.115786
142 0.115634
143 0.115576
144 0.114835
145 0.115165
146 0.114821
147 0.114134
148 0.11358
149 0.113216
150 0.112713
151 0.112948
152 0.112853
153 0.111918
154 0.112034
155 0.111841
156 0.111183
157 0.11068
158 0.110249
159 0.110104
160 0.109277
161 0.108912
162 0.108927
163 0.108282
164 0.107902
165 0.106846
166 0.107045
167 0.106843
168 0.106132
169 0.105788
170 0.105346
171 0.105689
172 0.104866
173 0.104811
174 0.104194
175 0.103704
176 0.103176
177 0.103335
178 0.102372
179 0.101939
180 0.102091
181 0.102188
182 0.102232
183 0.101835
184 0.101954
185 0.10172
186 0.101136
187 0.100298
188 0.10051
189 0.100008
190 0.0998737
191 0.0994581
192 0.0995547
193 0.098798
194 0.0986651
195 0.0984621
196 0.0981813
197 0.0983802
198 0.0986047
199 0.0979651
200 0.0971966
201 0.0970478
202 0.0973649
203 0.0963525
204 0.0963874
205 0.0959704
206 0.0956154
207 0.0957029
208 0.0958246
209 0.095255
210 0.0943968
211 0.0945448
212 0.0943754
213 0.0939355
214 0.0940233
215 0.0940374
216 0.0937887
217 0.094158
218 0.0938133
219 0.092305
220 0.0920758
221 0.0912948
222 0.0908867
223 0.0901564
224 0.0901806
225 0.0900136
226 0.0897409
227 0.0889121
228 0.0890585
229 0.088716
230 0.0883385
231 0.0879126
232 0.0871754
233 0.0878302
234 0.0881093
235 0.0872935
236 0.0866789
237 0.08627
238 0.0865354
239 0.0858224
240 0.0856769
241 0.0854735
242 0.0851397
243 0.0846726
244 0.0844091
245 0.0835131
246 0.0828625
247 0.08249
248 0.0833351
249 0.0822867
250 0.0831364
251 0.082646
252 0.0819627
253 0.081334
254 0.0813035
255 0.0822124
256 0.0813959
257 0.0815894
258 0.0811958
259 0.0805369
260 0.0802826
261 0.0801992
262 0.0800434
263 0.0801652
264 0.0801424
265 0.0793529
266 0.0793696
267 0.079537
268 0.0786076
269 0.0784462
270 0.0779042
271 0.0772302
272 0.0761115
273 0.077132
274 0.0761898
275 0.0766653
276 0.0764217
277 0.0754541
278 0.0753927
279 0.074868
280 0.0744132
281 0.0742596
282 0.0729217
283 0.0734043
284 0.07262
285 0.0723555
286 0.0714904
287 0.0715549
288 0.0717917
289 0.0720415
290 0.0703738
291 0.0706649
292 0.0701248
293 0.069765
294 0.0692359
295 0.0690032
296 0.0678831
297 0.0676121
298 0.0667833
299 0.0671028
300 0.0670553
301 0.0666227
302 0.0665839
303 0.0665287
304 0.0658486
305 0.0653809
306 0.0647102
307 0.0647543
308 0.0652934
309 0.0647359
310 0.0641519
311 0.063503
312 0.0634813
313 0.0635305
314 0.0626439
315 0.0630919
316 0.0610311
317 0.0612605
318 0.0605528
319 0.0609968
320 0.0606469
321 0.0586465
322 0.0596766
323 0.0589056
324 0.0587822
325 0.0587202
326 0.0566339
327 0.0570961
328 0.0573232
329 0.0565051
330 0.0566019
331 0.0570287
332 0.0567204
333 0.0551606
334 0.0555996
335 0.0552657
336 0.0554121
337 0.0553483
338 0.0551069
339 0.0546521
340 0.0549501
341 0.0543262
342 0.0539298
343 0.0541241
344 0.054589
345 0.0539335
346 0.0537686
347 0.0536179
348 0.0532265
349 0.0541814
350 0.0543304
351 0.0532099
352 0.0523244
353 0.0510068
354 0.0502438
355 0.050784
356 0.0504776
357 0.0497047
358 0.0496654
359 0.0485634
360 0.0488048
361 0.0487206
362 0.0474326
363 0.0474073
364 0.0467916
365 0.0465271
366 0.0460673
367 0.0458463
368 0.0469095
369 0.0463726
370 0.0454573
371 0.0456038
372 0.0455934
373 0.0450179
374 0.0453009
375 0.0441914
376 0.0452623
377 0.045256
378 0.04516
379 0.0445802
380 0.0449441
381 0.0448403
382 0.0446561
383 0.0441328
384 0.0430803
385 0.0432248
386 0.0425054
387 0.0426157
388 0.0424609
389 0.040834
390 0.041062
391 0.0410883
392 0.0414891
393 0.0412059
394 0.0405589
395 0.0418372
396 0.0397231
397 0.0404217
398 0.0418208
399 0.0408113
400 0.040594
401 0.0391689
402 0.0395216
403 0.0388698
404 0.0393638
405 0.0386369
406 0.0389144
407 0.0386424
408 0.0391977
409 0.0381967
410 0.0377052
411 0.0374061
412 0.0370712
413 0.0358127
414 0.0355955
415 0.0360476
416 0.0370098
417 0.0359557
418 0.0368058
419 0.0356938
420 0.0360431
421 0.0353058
422 0.0350306
423 0.0343367
424 0.0349434
425 0.0350673
426 0.0346236
427 0.0349271
428 0.0341713
429 0.0336875
430 0.033956
431 0.033969
432 0.032742
433 0.0336089
434 0.032587
435 0.032874
436 0.0316516
437 0.031345
438 0.0310274
439 0.0316547
440 0.0315975
441 0.0304927
442 0.0295496
443 0.0303936
444 0.0300982
445 0.0310285
446 0.0302004
447 0.0297877
448 0.0292267
449 0.0290979
450 0.0287244
451 0.0278239
452 0.0277478
453 0.0277274
454 0.0288208
455 0.0280414
456 0.0287356
457 0.0267892
458 0.0258358
459 0.0264183
460 0.0261134
461 0.0260242
462 0.0250868
463 0.0250431
464 0.0257611
465 0.0253971
466 0.0258425
467 0.026284
468 0.0256875
469 0.0255562
470 0.0255057
471 0.0264154
472 0.0253194
473 0.0261821
474 0.0262751
475 0.0271617
476 0.0276979
477 0.0264931
478 0.0275479
479 0.0266349
480 0.0257442
481 0.0263471
482 0.0263265
483 0.0276132
484 0.0257104
485 0.0256873
486 0.0260489
487 0.0260176
488 0.0250936
489 0.0249032
490 0.0260407
491 0.0252768
492 0.0268466
493 0.0255197
494 0.0244715
495 0.025153
496 0.02676
497 0.0250748
498 0.0241418
499 0.0245623
500 0.0251217
501 0.0262303
502 0.0254461
503 0.02422
504 0.0238206
505 0.0240267
506 0.0240399
507 0.0225237
508 0.0226482
509 0.0229304
510 0.0223313
511 0.0223573
512 0.0215408
513 0.0217922
514 0.0218922
515 0.022164
516 0.0210777
517 0.0207891
518 0.02137
519 0.0197627
520 0.0205076
521 0.0211223
522 0.0208367
523 0.021086
524 0.0197995
525 0.0196225
526 0.0207522
527 0.0199085
528 0.0193687
529 0.0188906
530 0.0193311
531 0.0192914
532 0.0188262
533 0.0192102
534 0.0201176
535 0.0191419
536 0.019271
537 0.0185139
538 0.0183878
539 0.0183586
540 0.0177109
541 0.0168417
542 0.0178414
543 0.0173113
544 0.0173581
545 0.0175275
546 0.017169
547 0.0168714
548 0.0172779
549 0.0167632
550 0.0165866
551 0.0159264
552 0.0161
553 0.015821
554 0.0149473
555 0.0144548
556 0.015838
557 0.0153362
558 0.0152243
559 0.0146102
560 0.0149687
561 0.0139756
562 0.0137838
563 0.0147788
564 0.0148258
565 0.0140725
566 0.0141346
567 0.0142185
568 0.0139724
569 0.0138255
570 0.0127022
571 0.0135002
572 0.0133498
573 0.0138136
574 0.0139537
575 0.0130141
576 0.0142059
577 0.0141251
578 0.0141218
579 0.0137796
580 0.0163144
581 0.0152277
582 0.0157739
583 0.0160437
584 0.0154591
585 0.0166716
586 0.0160047
587 0.01725
588 0.0176243
589 0.0201488
590 0.0188832
591 0.0192914
592 0.0200059
593 0.0208395
594 0.0217922
595 0.0219113
596 0.0226258
597 0.0233403
598 0.0214349
599 0.0228639
