1 4.054
2 4.054
3 3.93247
4 2.85253
5 2.12041
6 1.70768
7 1.44573
8 1.25772
9 1.11365
10 1
11 0.908088
12 0.830764
13 0.766972
14 0.712992
15 0.665382
16 0.625472
17 0.589867
18 0.558057
19 0.53047
20 0.50566
21 0.483484
22 0.463158
23 0.445034
24 0.428298
25 0.412702
26 0.398469
27 0.38507
28 0.372869
29 0.362537
30 0.350741
31 0.340952
32 0.331832
33 0.32274
34 0.315183
35 0.307841
36 0.299786
37 0.293784
38 0.286758
39 0.280947
40 0.274801
41 0.268599
42 0.262761
43 0.258294
44 0.253229
45 0.249331
46 0.243965
47 0.240621
48 0.236075
49 0.231682
50 0.227969
51 0.224069
52 0.219989
53 0.217096
54 0.213053
55 0.209446
56 0.206485
57 0.203788
58 0.202071
59 0.199197
60 0.197556
61 0.195403
62 0.193205
63 0.191774
64 0.189618
65 0.187763
66 0.185201
67 0.184485
68 0.182333
69 0.179825
70 0.179893
71 0.176455
72 0.175158
73 0.175045
74 0.173923
75 0.172237
76 0.170249
77 0.170236
78 0.168318
79 0.16729
80 0.168769
81 0.167691
82 0.166628
83 0.166121
84 0.165838
85 0.166214
86 0.164895
87 0.164652
88 0.164527
89 0.162961
90 0.163694
91 0.161733
92 0.161618
93 0.161911
94 0.161328
95 0.161352
96 0.159582
97 0.158137
98 0.158155
99 0.159149
100 0.157315
101 0.157385
102 0.156236
103 0.155177
104 0.155247
105 0.156432
106 0.152478
107 0.152721
108 0.154533
109 0.152375
110 0.152282
111 0.150274
112 0.151198
113 0.151377
114 0.149827
115 0.148314
116 0.148703
117 0.147453
118 0.148241
119 0.145445
120 0.146752
121 0.146291
122 0.146464
123 0.145745
124 0.145506
125 0.144451
126 0.145464
127 0.145019
128 0.144659
129 0.146569
130 0.145223
131 0.145075
132 0.143352
133 0.142783
134 0.141093
135 0.13961
136 0.143242
137 0.143175
138 0.142622
139 0.140387
140 0.142472
141 0.140758
142 0.140443
143 0.138389
144 0.137927
145 0.139251
146 0.138625
147 0.137793
148 0.139597
149 0.137808
150 0.135731
151 0.137496
152 0.13776
153 0.138192
154 0.137567
155 0.137556
156 0.135878
157 0.13611
158 0.13625
159 0.136784
160 0.135558
161 0.135943
162 0.137454
163 0.135297
164 0.133298
165 0.134095
166 0.133754
167 0.133656
168 0.132382
169 0.13063
170 0.13196
171 0.131058
172 0.132549
173 0.13304
174 0.129152
175 0.133381
176 0.130975
177 0.130439
178 0.128808
179 0.128879
180 0.130775
181 0.12885
182 0.13008
183 0.131525
184 0.132712
185 0.130486
186 0.128547
187 0.130542
188 0.127575
189 0.127331
190 0.127186
191 0.128141
192 0.128886
193 0.124467
194 0.12609
195 0.123596
196 0.126152
197 0.124366
198 0.124492
199 0.122259
200 0.124307
201 0.124402
202 0.122894
203 0.122864
204 0.123248
205 0.122248
206 0.122378
207 0.122644
208 0.122387
209 0.120888
210 0.122349
211 0.121627
212 0.121591
213 0.120135
214 0.119254
215 0.119786
216 0.119681
217 0.116789
218 0.11653
219 0.117396
220 0.115681
221 0.11675
222 0.115868
223 0.114812
224 0.116985
225 0.115885
226 0.11577
227 0.117072
228 0.115418
229 0.11825
230 0.117083
231 0.116631
232 0.114891
233 0.116152
234 0.115424
235 0.113921
236 0.11376
237 0.112076
238 0.112596
239 0.11317
240 0.109698
241 0.113773
242 0.111416
243 0.111959
244 0.112129
245 0.111422
246 0.110817
247 0.109716
248 0.108028
249 0.111903
250 0.107992
251 0.109758
252 0.110738
253 0.108621
254 0.109711
255 0.113452
256 0.110507
257 0.110523
258 0.106341
259 0.106157
260 0.10648
261 0.10613
262 0.103758
263 0.103927
264 0.106803
265 0.106738
266 0.105265
267 0.106489
268 0.105736
269 0.107248
270 0.107568
271 0.107922
272 0.107215
273 0.103819
274 0.10401
275 0.102289
276 0.103809
277 0.100921
278 0.100634
279 0.102339
280 0.100661
281 0.0994072
282 0.10101
283 0.0985012
284 0.100072
285 0.0977026
286 0.0995467
287 0.0985464
288 0.0988479
289 0.0949904
290 0.0956528
291 0.0988114
292 0.0972564
293 0.0942884
294 0.0942974
295 0.096629
296 0.0945303
297 0.0935055
298 0.0961691
299 0.0910558
300 0.0939655
301 0.0913093
302 0.0899052
303 0.0926644
304 0.0925051
305 0.0886707
306 0.0938643
307 0.091735
308 0.0914543
309 0.0932262
310 0.090071
311 0.0915702
312 0.0897273
313 0.0888263
314 0.0927709
315 0.0877025
316 0.090737
317 0.0878143
318 0.0913606
319 0.0850183
320 0.089126
321 0.0879398
322 0.0856126
323 0.0857976
324 0.0842667
325 0.0845408
326 0.0861217
327 0.0845358
328 0.0810663
329 0.0821987
330 0.0828174
331 0.0807265
332 0.0801006
333 0.0821003
334 0.0797098
335 0.0809863
336 0.0782495
337 0.0798463
338 0.0801576
339 0.0783258
340 0.0784098
341 0.0821483
342 0.0770982
343 0.0782979
344 0.0783291
345 0.0754508
346 0.074924
347 0.0745115
348 0.0739112
349 0.0738503
350 0.0703427
351 0.0721343
352 0.0710597
353 0.0747539
354 0.0754331
355 0.0720643
356 0.0720189
357 0.0750334
358 0.070083
359 0.0714943
360 0.0689756
361 0.0727191
362 0.0696491
363 0.0698172
364 0.0678589
365 0.0686339
366 0.0679721
367 0.06821
368 0.0650865
369 0.07063
370 0.066259
371 0.0652133
372 0.0629779
373 0.0647332
374 0.0642009
375 0.0664441
376 0.0638763
377 0.0633591
378 0.0631354
379 0.0630977
380 0.0647946
381 0.059634
382 0.0603435
383 0.0653056
384 0.0600967
385 0.0588557
386 0.05762
387 0.0567146
388 0.0597873
389 0.0594584
390 0.0604131
391 0.0546346
392 0.0588323
393 0.0594896
394 0.0649049
395 0.0566676
396 0.0595921
397 0.055662
398 0.0591478
399 0.054403
400 0.0502155
401 0.0541122
402 0.05322
403 0.0507017
404 0.0485504
405 0.0538573
406 0.048115
407 0.0490782
408 0.0453217
409 0.0520044
410 0.046756
411 0.0517595
412 0.0460911
413 0.0451259
414 0.0432778
415 0.0451523
416 0.0450252
417 0.0410135
418 0.043621
419 0.0439496
420 0.0399759
421 0.0449265
422 0.0414667
423 0.0390452
424 0.0404523
425 0.0396721
426 0.0395446
427 0.0374157
428 0.0348345
429 0.0339462
430 0.0355245
431 0.0345128
432 0.0360439
433 0.028946
434 0.0329009
435 0.0325295
436 0.0309014
437 0.0254342
438 0.0315959
439 0.0309517
440 0.0247241
441 0.0250922
442 0.029678
443 0.0275467
444 0.0246359
445 0.0238866
446 0.0252531
447 0.0261015
448 0.0241274
449 0.0217839
450 0.023399
451 0.0222749
452 0.0204158
453 0.0206523
454 0.0183551
455 0.023204
456 0.0218508
457 0.019974
458 0.0256029
459 0.0224387
460 0.0228727
461 0.022955
462 0.0186859
463 0.0202532
464 0.0197066
465 0.0192858
466 0.0208456
467 0.0191183
468 0.0195373
469 0.0207807
470 0.0186454
471 0.0175835
472 0.0203328
473 0.0190796
474 0.0198657
475 0.0208689
476 0.0191713
477 0.0231176
478 0.0241803
479 0.0227792
480 0.026168
481 0.0222518
482 0.0226082
483 0.0263505
484 0.0284122
485 0.0245432
486 0.0228374
487 0.0274481
488 0.0272161
489 0.0301246
490 0.0330013
491 0.0319775
492 0.0304657
493 0.0392736
494 0.0316245
495 0.0404901
496 0.0390578
497 0.0369376
498 0.0382043
499 0.0350274
500 0.0386963
501 0.0422803
502 0.0427386
503 0.043276
504 0.0452072
505 0.0503987
506 0.0451098
507 0.0539812
508 0.0467893
509 0.0503864
510 0.055713
511 0.0552909
512 0.0560282
513 0.0536958
514 0.0542125
515 0.0592805
516 0.0623239
517 0.0612563
518 0.0658946
519 0.0595125
520 0.0707937
521 0.0687581
522 0.0744765
523 0.077121
524 0.0762203
525 0.0843622
526 0.0863656
527 0.0803382
528 0.0898362
529 0.0810471
530 0.091257
531 0.0886496
532 0.0907816
533 0.0918992
534 0.097176
535 0.0907112
536 0.0972863
537 0.0986238
538 0.102978
539 0.0990042
540 0.102295
541 0.0974689
542 0.0995045
543 0.102092
544 0.102117
545 0.102044
546 0.102087
547 0.101635
548 0.102561
549 0.10265
550 0.103801
551 0.103252
552 0.103711
553 0.103849
554 0.103204
555 0.105096
556 0.104182
557 0.104991
558 0.10617
559 0.106382
560 0.105454
561 0.104899
562 0.106144
563 0.104736
564 0.105118
565 0.103899
566 0.101953
567 0.104176
568 0.104032
569 0.104899
570 0.102817
571 0.102665
572 0.101868
573 0.101041
574 0.0998607
575 0.100305
576 0.0994649
577 0.101887
578 0.0993857
579 0.100329
580 0.0980977
581 0.100761
582 0.0999718
583 0.0986355
584 0.102275
585 0.101228
586 0.103284
587 0.100689
588 0.0991724
589 0.0970267
590 0.0963154
591 0.101154
592 0.0976131
593 0.100032
594 0.0974809
595 0.103509
596 0.100144
597 0.0974529
598 0.0965557
599 0.100593
