1 4.07878
2 4.07878
3 3.95622
4 2.86597
5 2.12764
6 1.71202
7 1.44857
8 1.25915
9 1.11425
10 1
11 0.907356
12 0.830568
13 0.765991
14 0.711356
15 0.664937
16 0.62402
17 0.588534
18 0.556848
19 0.529262
20 0.504214
21 0.481219
22 0.460482
23 0.441838
24 0.424971
25 0.408925
26 0.394289
27 0.381345
28 0.369096
29 0.358635
30 0.346689
31 0.336657
32 0.327533
33 0.318533
34 0.310711
35 0.303176
36 0.295619
37 0.290315
38 0.283188
39 0.276705
40 0.27044
41 0.264713
42 0.259011
43 0.254089
44 0.248539
45 0.244008
46 0.23874
47 0.234715
48 0.230393
49 0.226777
50 0.222729
51 0.218906
52 0.215036
53 0.211849
54 0.208114
55 0.204728
56 0.202153
57 0.200053
58 0.197259
59 0.194252
60 0.192556
61 0.190531
62 0.188493
63 0.186589
64 0.184297
65 0.182148
66 0.179646
67 0.178708
68 0.176951
69 0.174773
70 0.175344
71 0.171537
72 0.170701
73 0.171258
74 0.169884
75 0.168671
76 0.166669
77 0.166214
78 0.164435
79 0.162928
80 0.164578
81 0.163263
82 0.162256
83 0.161897
84 0.161073
85 0.160664
86 0.158993
87 0.159606
88 0.159127
89 0.157499
90 0.158499
91 0.156388
92 0.156278
93 0.156667
94 0.156103
95 0.15613
96 0.154207
97 0.153296
98 0.152525
99 0.153011
100 0.150892
101 0.150562
102 0.149216
103 0.148313
104 0.149459
105 0.15096
106 0.147773
107 0.148366
108 0.150776
109 0.1487
110 0.148172
111 0.146344
112 0.147663
113 0.147499
114 0.146145
115 0.144474
116 0.145025
117 0.14352
118 0.145315
119 0.142099
120 0.14321
121 0.142392
122 0.142194
123 0.141147
124 0.140471
125 0.138726
126 0.139981
127 0.139903
128 0.138519
129 0.140677
130 0.13907
131 0.138945
132 0.137262
133 0.137157
134 0.135167
135 0.133335
136 0.136221
137 0.136079
138 0.13553
139 0.132896
140 0.135514
141 0.133699
142 0.133468
143 0.131231
144 0.130408
145 0.131838
146 0.13014
147 0.129684
148 0.131503
149 0.129569
150 0.127343
151 0.12927
152 0.128801
153 0.129068
154 0.128297
155 0.127849
156 0.126004
157 0.12621
158 0.125798
159 0.12626
160 0.125042
161 0.125393
162 0.126924
163 0.124925
164 0.122908
165 0.12403
166 0.123895
167 0.124285
168 0.122541
169 0.120747
170 0.121653
171 0.120655
172 0.122108
173 0.121824
174 0.117648
175 0.122049
176 0.119174
177 0.118197
178 0.1164
179 0.116415
180 0.117898
181 0.115602
182 0.116617
183 0.117866
184 0.119038
185 0.117221
186 0.114653
187 0.116954
188 0.114317
189 0.114144
190 0.113453
191 0.114548
192 0.115172
193 0.111333
194 0.112123
195 0.109497
196 0.111934
197 0.11055
198 0.110923
199 0.108704
200 0.110952
201 0.111671
202 0.110334
203 0.110296
204 0.110198
205 0.108461
206 0.107407
207 0.107676
208 0.106736
209 0.105534
210 0.106322
211 0.105537
212 0.105088
213 0.103858
214 0.103362
215 0.103363
216 0.103778
217 0.100787
218 0.100719
219 0.101411
220 0.0993995
221 0.100207
222 0.0994753
223 0.0988999
224 0.101009
225 0.0996024
226 0.099229
227 0.100615
228 0.0987351
229 0.101446
230 0.0998005
231 0.0989359
232 0.0980305
233 0.0984519
234 0.0971835
235 0.0956158
236 0.0955568
237 0.0948064
238 0.0952667
239 0.0964288
240 0.0936046
241 0.0974137
242 0.0953961
243 0.0959943
244 0.095418
245 0.0949205
246 0.094323
247 0.0933829
248 0.0915671
249 0.0951819
250 0.091042
251 0.0923126
252 0.0930716
253 0.0903841
254 0.0916235
255 0.09514
256 0.0924681
257 0.0929206
258 0.0897561
259 0.0897435
260 0.0898526
261 0.0891765
262 0.0878609
263 0.0873945
264 0.0898422
265 0.0890917
266 0.0874919
267 0.0877174
268 0.0866894
269 0.0878843
270 0.0878729
271 0.0883416
272 0.0880618
273 0.0853826
274 0.0854473
275 0.0846866
276 0.0868259
277 0.0844679
278 0.0839675
279 0.085822
280 0.0834141
281 0.082591
282 0.0838508
283 0.0821716
284 0.083216
285 0.0813415
286 0.0841258
287 0.0829014
288 0.0837277
289 0.0802681
290 0.0818458
291 0.0847066
292 0.0834572
293 0.080269
294 0.0808146
295 0.0831784
296 0.0817373
297 0.0806725
298 0.083393
299 0.078586
300 0.0817118
301 0.0798471
302 0.0780721
303 0.0803373
304 0.0803725
305 0.0759542
306 0.0809055
307 0.0789227
308 0.0780857
309 0.0799677
310 0.0768633
311 0.0780452
312 0.0762946
313 0.0752831
314 0.0789953
315 0.0743578
316 0.0762875
317 0.0726953
318 0.075922
319 0.069982
320 0.0741378
321 0.0731468
322 0.0718997
323 0.0717625
324 0.0707331
325 0.0712585
326 0.0723706
327 0.0704627
328 0.0674835
329 0.0684863
330 0.0694348
331 0.0672581
332 0.0664707
333 0.0684699
334 0.065732
335 0.0665911
336 0.0642745
337 0.0656307
338 0.0655164
339 0.0640439
340 0.0642631
341 0.067937
342 0.0635956
343 0.0644003
344 0.0641833
345 0.0616693
346 0.0608948
347 0.0608907
348 0.0599688
349 0.0600926
350 0.0565799
351 0.0584473
352 0.0575008
353 0.0599231
354 0.060292
355 0.0572932
356 0.0574605
357 0.0596557
358 0.0558914
359 0.0568376
360 0.0542545
361 0.0577886
362 0.0554744
363 0.055654
364 0.0539318
365 0.0548331
366 0.0546405
367 0.0545938
368 0.0515822
369 0.0566203
370 0.0525357
371 0.0518778
372 0.0500106
373 0.0511674
374 0.0505028
375 0.0521869
376 0.0502862
377 0.0493383
378 0.0489216
379 0.049506
380 0.0504921
381 0.0462404
382 0.0465267
383 0.0504633
384 0.0462384
385 0.0457136
386 0.0444101
387 0.0433242
388 0.0460297
389 0.0450189
390 0.0457776
391 0.0407143
392 0.0443007
393 0.0447167
394 0.0497551
395 0.0427024
396 0.0450722
397 0.0417784
398 0.0447986
399 0.0414446
400 0.03855
401 0.0420504
402 0.0416167
403 0.0400518
404 0.0375039
405 0.0431074
406 0.0374855
407 0.0386671
408 0.0346071
409 0.0403959
410 0.0357278
411 0.0404792
412 0.0354125
413 0.0337323
414 0.0326436
415 0.0339088
416 0.0339426
417 0.0304353
418 0.0325874
419 0.0333425
420 0.0300088
421 0.0343207
422 0.0301957
423 0.0290455
424 0.0296177
425 0.0295233
426 0.0289888
427 0.0273682
428 0.0246475
429 0.0242907
430 0.0252716
431 0.0244359
432 0.0262805
433 0.0199317
434 0.0229858
435 0.0228919
436 0.021426
437 0.0163083
438 0.0221457
439 0.0210851
440 0.0158045
441 0.0157221
442 0.0196968
443 0.0176758
444 0.0149742
445 0.0141785
446 0.0149702
447 0.0163643
448 0.0145514
449 0.012596
450 0.0136612
451 0.0124847
452 0.0102446
453 0.0104277
454 0.00867473
455 0.0125437
456 0.0116041
457 0.00988301
458 0.0141478
459 0.01162
460 0.0126353
461 0.0123461
462 0.00934602
463 0.0102435
464 0.00999698
465 0.00959195
466 0.0105942
467 0.00908953
468 0.0093757
469 0.00928143
470 0.00839539
471 0.00673491
472 0.00901522
473 0.00812371
474 0.00827657
475 0.00936483
476 0.00763184
477 0.00991286
478 0.0105791
479 0.0100277
480 0.0127144
481 0.00939304
482 0.0099932
483 0.0127431
484 0.0141783
485 0.0108807
486 0.00965551
487 0.0129559
488 0.0132886
489 0.0140049
490 0.0163464
491 0.0153041
492 0.0147744
493 0.020239
494 0.0146275
495 0.0194819
496 0.0187893
497 0.0178696
498 0.0193654
499 0.0160366
500 0.0186981
501 0.0206673
502 0.021295
503 0.0227547
504 0.0228336
505 0.0264618
506 0.0230665
507 0.0285377
508 0.0241476
509 0.0265595
510 0.030187
511 0.0302239
512 0.0305454
513 0.029392
514 0.029638
515 0.0321702
516 0.0340766
517 0.0335233
518 0.0364951
519 0.0321635
520 0.0384148
521 0.0373465
522 0.040957
523 0.0430116
524 0.0427548
525 0.048024
526 0.0495697
527 0.0469498
528 0.0526486
529 0.0464884
530 0.0535657
531 0.0510749
532 0.0527962
533 0.0545042
534 0.05694
535 0.0522295
536 0.0575236
537 0.0573438
538 0.0617143
539 0.059226
540 0.0610611
541 0.0590129
542 0.0601115
543 0.0615758
544 0.0623813
545 0.0617211
546 0.0616844
547 0.0617576
548 0.0622612
549 0.0608757
550 0.0604201
551 0.0601853
552 0.060296
553 0.0607827
554 0.0602779
555 0.060394
556 0.0603637
557 0.0603354
558 0.0607976
559 0.0587918
560 0.0593031
561 0.0605487
562 0.0597995
563 0.0618364
564 0.0605893
565 0.0613104
566 0.060192
567 0.0602508
568 0.0618492
569 0.0634157
570 0.0623946
571 0.0611772
572 0.0615157
573 0.062451
574 0.0612464
575 0.0610003
576 0.0619632
577 0.0625682
578 0.0626003
579 0.0618224
580 0.0605611
581 0.0628741
582 0.0635316
583 0.0651435
584 0.062651
585 0.063899
586 0.0638726
587 0.0636357
588 0.0644255
589 0.0656666
590 0.0632489
591 0.0643691
592 0.0636357
593 0.0629587
594 0.063128
595 0.0630716
596 0.0626202
597 0.0670206
598 0.0653281
599 0.0629587
