#39 : [366,367], # loop7 TAD2 B
#40 : [368,369], # loop26 loop32 loop38 loop43 TAD2 B
#41 : [370,371], # loop46 loop47 loop48 TAD2 B
#45 : [410,411], # loop40 loop45 loop46 TAD2 B
#46 : [412,413], # loop28 loop34 TAD2 B
9 30
9 31
10 30
10 31
6 49
6 50
7 49
7 50
13 49
13 50
14 49
14 50
59 118
59 119
60 118
60 119
180 238
180 239
181 238
181 239
57 239
57 240
58 239
58 240
150 239
150 240
151 239
151 240
113 241
113 242
114 241
114 242
120 241
120 242
121 241
121 242
113 254
113 255
114 254
114 255
120 254
120 255
121 254
121 255
180 254
180 255
181 254
181 255
57 254
57 255
58 254
58 255
150 254
150 255
151 254
151 255
200 255
200 256
201 255
201 256
211 255
211 256
212 255
212 256
224 255
224 256
225 255
225 256
239 256
239 257
240 256
240 257
57 284
57 285
58 284
58 285
240 285
240 286
241 285
241 286
258 285
258 286
259 285
259 286
57 297
57 298
58 297
58 298
240 298
240 299
241 298
241 299
257 299
257 300
258 299
258 300
257 311
257 312
258 311
258 312
257 335
257 336
258 335
258 336
258 355
258 356
259 355
259 356
286 420
286 421
287 420
287 421
299 420
299 421
300 420
300 421
240 422
240 423
241 422
241 423
257 422
257 423
258 422
258 423
56 526
56 527
57 526
57 527
258 526
258 527
259 526
259 527
286 526
286 527
287 526
287 527
299 526
299 527
300 526
300 527
534 574
534 575
535 574
535 575
534 562
534 563
535 562
535 563
54 564
54 565
55 564
55 565
