1 13.6946
2 13.6946
3 12.821
4 6.43676
5 3.51355
6 2.29602
7 1.69927
8 1.35454
9 1.14621
10 1
11 0.903453
12 0.82623
13 0.774012
14 0.725963
15 0.694211
16 0.662333
17 0.641845
18 0.617659
19 0.603732
20 0.584915
21 0.575314
22 0.55873
23 0.551817
24 0.537483
25 0.531651
26 0.518323
27 0.513757
28 0.50179
29 0.497777
30 0.485906
31 0.48235
32 0.471398
33 0.46859
34 0.458358
35 0.455541
36 0.44482
37 0.443218
38 0.43355
39 0.430973
40 0.421972
41 0.421782
42 0.412328
43 0.411154
44 0.402502
45 0.402763
46 0.394067
47 0.393177
48 0.38544
49 0.385842
50 0.377842
51 0.377946
52 0.370609
53 0.371872
54 0.364003
55 0.364977
56 0.35774
57 0.359282
58 0.352598
59 0.353777
60 0.347147
61 0.348184
62 0.340784
63 0.341781
64 0.335527
65 0.336988
66 0.330081
67 0.332016
68 0.325536
69 0.327093
70 0.320553
71 0.321455
72 0.314995
73 0.317227
74 0.311273
75 0.312982
76 0.307238
77 0.308567
78 0.301898
79 0.303012
80 0.297901
81 0.299255
82 0.292411
83 0.293849
84 0.288231
85 0.289868
86 0.284015
87 0.286063
88 0.280354
89 0.282331
90 0.276728
91 0.278114
92 0.272758
93 0.274331
94 0.268414
95 0.270193
96 0.264913
97 0.267264
98 0.262863
99 0.264789
100 0.260065
101 0.262206
102 0.256441
103 0.257982
104 0.253388
105 0.254878
106 0.24945
107 0.251763
108 0.246293
109 0.24884
110 0.243928
111 0.245935
112 0.241565
113 0.243956
114 0.238776
115 0.24107
116 0.235663
117 0.237382
118 0.232973
119 0.234484
120 0.230204
121 0.232262
122 0.227744
123 0.229757
124 0.22492
125 0.227478
126 0.222762
127 0.225145
128 0.220679
129 0.22271
130 0.217737
131 0.219928
132 0.215303
133 0.217079
134 0.212738
135 0.214313
136 0.209623
137 0.21227
138 0.207906
139 0.209951
140 0.205391
141 0.207699
142 0.2038
143 0.206097
144 0.201121
145 0.20324
146 0.19911
147 0.201456
148 0.19781
149 0.20021
150 0.196357
151 0.198478
152 0.194627
153 0.197299
154 0.19239
155 0.194466
156 0.190451
157 0.192283
158 0.188518
159 0.190317
160 0.186474
161 0.188994
162 0.185455
163 0.187103
164 0.183311
165 0.185555
166 0.181545
167 0.183119
168 0.179804
169 0.181696
170 0.178211
171 0.180121
172 0.176203
173 0.178586
174 0.174273
175 0.176126
176 0.172495
177 0.174483
178 0.171261
179 0.17306
180 0.169749
181 0.171798
182 0.168818
183 0.170209
184 0.166743
185 0.16863
186 0.165242
187 0.167125
188 0.163977
189 0.166162
190 0.162732
191 0.164694
192 0.161242
193 0.162747
194 0.158979
195 0.161228
196 0.158298
197 0.160622
198 0.157178
199 0.158919
200 0.155135
201 0.157039
202 0.153652
203 0.155766
204 0.152735
205 0.154225
206 0.150951
207 0.152522
208 0.148949
209 0.150848
210 0.14739
211 0.149708
212 0.145558
213 0.147207
214 0.144162
215 0.145188
216 0.141958
217 0.14374
218 0.140454
219 0.142432
220 0.13985
221 0.14208
222 0.139099
223 0.141749
224 0.139014
225 0.140581
226 0.137985
227 0.139558
228 0.136733
229 0.138721
230 0.135374
231 0.137218
232 0.134465
233 0.136314
234 0.13287
235 0.135031
236 0.13197
237 0.133154
238 0.129603
239 0.131064
240 0.128338
241 0.129741
242 0.127039
243 0.12884
244 0.126444
245 0.127631
246 0.124666
247 0.12666
248 0.124058
249 0.126054
250 0.123476
251 0.12451
252 0.121758
253 0.123379
254 0.120511
255 0.12133
256 0.11947
257 0.121363
258 0.118757
259 0.120106
260 0.117013
261 0.119454
262 0.116685
263 0.118266
264 0.115392
265 0.116473
266 0.113864
267 0.115658
268 0.11297
269 0.114254
270 0.111717
271 0.113004
272 0.110203
273 0.111507
274 0.108925
275 0.110291
276 0.108054
277 0.109882
278 0.107593
279 0.109723
280 0.107292
281 0.108866
282 0.10668
283 0.108139
284 0.105989
285 0.107558
286 0.105062
287 0.106796
288 0.103851
289 0.106007
290 0.103216
291 0.104968
292 0.102451
293 0.103872
294 0.101419
295 0.102571
296 0.100679
297 0.101954
298 0.0999013
299 0.101385
300 0.0991208
301 0.100851
302 0.0989345
303 0.0999114
304 0.097787
305 0.0990784
306 0.096559
307 0.0977382
308 0.0955737
309 0.0971086
310 0.095171
311 0.0963206
312 0.0946185
313 0.0966804
314 0.0945009
315 0.0956831
316 0.0939265
317 0.0951885
318 0.0930924
319 0.0944038
320 0.0916548
321 0.0930757
322 0.0914357
323 0.0922828
324 0.0904765
325 0.0920098
326 0.0901254
327 0.0910696
328 0.0893412
329 0.0907514
330 0.0891654
331 0.0905471
332 0.0887387
333 0.0899938
334 0.0875906
335 0.0887768
336 0.086836
337 0.0883362
338 0.0866211
339 0.0879315
340 0.0863069
341 0.0878084
342 0.0860778
343 0.0867649
344 0.0845086
345 0.0857958
346 0.0840269
347 0.0848912
348 0.0831312
349 0.0847662
350 0.0820975
351 0.0835244
352 0.082222
353 0.0826246
354 0.0810883
355 0.0827048
356 0.0808193
357 0.0820678
358 0.080613
359 0.0815954
360 0.0801971
361 0.0810591
362 0.0797001
363 0.0806814
364 0.0785385
365 0.0794862
366 0.0778603
367 0.0786822
368 0.0773135
369 0.0776312
370 0.0768657
371 0.0772982
372 0.0762208
373 0.0774009
374 0.0761176
375 0.0776987
376 0.0755984
377 0.0767474
378 0.0751266
379 0.0761893
380 0.0746579
381 0.076449
382 0.0745625
383 0.0746135
384 0.0740216
385 0.0751672
386 0.0737421
387 0.0746277
388 0.0727749
389 0.073965
390 0.0723916
391 0.0732654
392 0.0719314
393 0.0735317
394 0.0713295
395 0.0722001
396 0.0701565
397 0.0712432
398 0.0696705
399 0.0705899
400 0.0690391
401 0.0697774
402 0.0681332
403 0.0692501
404 0.0680481
405 0.0686003
406 0.0674895
407 0.0690126
408 0.0677873
409 0.0685556
410 0.0679437
411 0.0683584
412 0.0672945
413 0.0686398
414 0.0682664
415 0.0691095
416 0.0672879
417 0.0683007
418 0.0670788
419 0.0678167
420 0.0664616
421 0.0675164
422 0.0667157
423 0.0667892
424 0.0659018
425 0.0659122
426 0.0640114
427 0.0652471
428 0.0649579
429 0.065227
430 0.063764
431 0.0643053
432 0.0625824
433 0.064458
434 0.0632274
435 0.06383
436 0.0628239
437 0.0640951
438 0.0631411
439 0.0636301
440 0.0626105
441 0.0631556
442 0.0615105
443 0.0624728
444 0.060742
445 0.0613564
446 0.0605536
447 0.0609948
448 0.0606794
449 0.0611944
450 0.0609145
451 0.0610709
452 0.06093
453 0.0609072
454 0.0601629
455 0.0608262
456 0.0599573
457 0.0593412
458 0.0588105
459 0.0609156
460 0.0596991
461 0.0604396
462 0.0594674
463 0.0602682
464 0.0593282
465 0.0586743
466 0.0584152
467 0.0591977
468 0.0581173
469 0.0601446
470 0.0580063
471 0.0591346
472 0.05719
473 0.0584456
474 0.0573047
475 0.0587156
476 0.0565515
477 0.057413
478 0.0570465
479 0.0577732
480 0.0573531
481 0.0576648
482 0.0560937
483 0.0571731
484 0.0558015
485 0.0561555
486 0.0553927
487 0.0557286
488 0.0533994
489 0.0544719
490 0.0536119
491 0.0539083
492 0.0529479
493 0.0525165
494 0.0512604
495 0.0519451
496 0.0522153
497 0.0528821
498 0.0517396
499 0.0522777
500 0.0521676
501 0.0538936
502 0.0530062
503 0.0535463
504 0.0523832
505 0.0533297
506 0.0533021
507 0.0533844
508 0.0515055
509 0.0525075
510 0.0519852
511 0.0530423
512 0.0514912
513 0.051889
514 0.0518655
515 0.0527844
516 0.0508572
517 0.0509997
518 0.0505174
519 0.0494395
520 0.0488089
521 0.049413
522 0.0485505
523 0.0491669
524 0.0481914
525 0.0485762
526 0.0478177
527 0.0483475
528 0.0473804
529 0.0480132
530 0.0471606
531 0.047435
532 0.045886
533 0.0461387
534 0.0460731
535 0.0464428
536 0.0457395
537 0.046498
538 0.0452657
539 0.0460523
540 0.0440724
541 0.0440131
542 0.0448718
543 0.0462769
544 0.0451065
545 0.0465896
546 0.0465566
547 0.0476237
548 0.046387
549 0.0472343
550 0.0463441
551 0.0467227
552 0.0462375
553 0.0473212
554 0.0458746
555 0.0473768
556 0.0481661
557 0.0478098
558 0.0470041
559 0.0480482
560 0.0477528
561 0.0485993
562 0.0475367
563 0.0479111
564 0.0477528
565 0.0500372
566 0.0481537
567 0.0470973
568 0.0454427
569 0.0460143
570 0.0457752
571 0.045031
572 0.044041
573 0.0465194
574 0.0463052
575 0.0451124
576 0.0439078
577 0.0440225
578 0.0451148
579 0.0465782
580 0.044936
581 0.044942
582 0.0458422
583 0.0457824
584 0.0447201
585 0.044651
586 0.0443185
587 0.0454382
588 0.0442393
589 0.04372
590 0.0428324
591 0.045791
592 0.042466
593 0.0429885
594 0.0455298
595 0.0478811
596 0.045696
597 0.045316
598 0.045316
599 0.0467411
