1 13.1518
2 13.1518
3 12.3984
4 6.50078
5 3.61266
6 2.36567
7 1.7454
8 1.38102
9 1.15848
10 1
11 0.895105
12 0.808862
13 0.754221
14 0.700611
15 0.668032
16 0.63124
17 0.610535
18 0.582416
19 0.568452
20 0.547123
21 0.537883
22 0.519728
23 0.512846
24 0.497172
25 0.492567
26 0.477654
27 0.473338
28 0.460234
29 0.457487
30 0.444456
31 0.4421
32 0.430125
33 0.428149
34 0.416665
35 0.415097
36 0.40468
37 0.404757
38 0.393462
39 0.393001
40 0.383195
41 0.383059
42 0.373183
43 0.373082
44 0.363465
45 0.3646
46 0.355658
47 0.355981
48 0.347311
49 0.348463
50 0.339374
51 0.340384
52 0.332545
53 0.333316
54 0.324278
55 0.32459
56 0.316353
57 0.316796
58 0.308794
59 0.308779
60 0.301172
61 0.302149
62 0.294525
63 0.295514
64 0.28904
65 0.290278
66 0.2832
67 0.284622
68 0.278329
69 0.279818
70 0.272919
71 0.273367
72 0.266743
73 0.268152
74 0.261292
75 0.262447
76 0.255513
77 0.25694
78 0.24966
79 0.250577
80 0.244595
81 0.246385
82 0.239998
83 0.242116
84 0.236548
85 0.23857
86 0.232902
87 0.234784
88 0.229731
89 0.231364
90 0.225755
91 0.226991
92 0.221412
93 0.223231
94 0.217631
95 0.219664
96 0.21397
97 0.21563
98 0.209705
99 0.210952
100 0.205441
101 0.207585
102 0.202494
103 0.204467
104 0.199945
105 0.201575
106 0.196356
107 0.198133
108 0.193521
109 0.195243
110 0.19025
111 0.19177
112 0.186976
113 0.189038
114 0.184654
115 0.185649
116 0.180677
117 0.182637
118 0.177524
119 0.179009
120 0.174407
121 0.176274
122 0.171314
123 0.173072
124 0.16757
125 0.169109
126 0.164723
127 0.165898
128 0.161815
129 0.163279
130 0.15899
131 0.160643
132 0.156453
133 0.15795
134 0.153287
135 0.154395
136 0.150331
137 0.15187
138 0.148123
139 0.148977
140 0.145307
141 0.146969
142 0.142996
143 0.144182
144 0.141172
145 0.142435
146 0.138765
147 0.140002
148 0.136206
149 0.137652
150 0.133905
151 0.13529
152 0.131408
153 0.1329
154 0.129157
155 0.130923
156 0.127582
157 0.129179
158 0.125856
159 0.126484
160 0.123469
161 0.124807
162 0.120949
163 0.121965
164 0.118721
165 0.120127
166 0.116662
167 0.117288
168 0.114493
169 0.116157
170 0.112921
171 0.114027
172 0.111393
173 0.112874
174 0.109577
175 0.110058
176 0.107092
177 0.108196
178 0.105136
179 0.105754
180 0.103313
181 0.104572
182 0.102015
183 0.10257
184 0.100268
185 0.101454
186 0.0990257
187 0.0998971
188 0.0980413
189 0.099103
190 0.0965066
191 0.0971127
192 0.0950998
193 0.0963387
194 0.0942337
195 0.0952664
196 0.0930672
197 0.09353
198 0.0910315
199 0.0920153
200 0.0891892
201 0.0903864
202 0.0882961
203 0.089056
204 0.086967
205 0.0879261
206 0.0859602
207 0.0870738
208 0.0849618
209 0.0858186
210 0.0834493
211 0.0844752
212 0.0826721
213 0.0839269
214 0.0820541
215 0.0830874
216 0.0811214
217 0.0818633
218 0.0795849
219 0.0803252
220 0.0780923
221 0.0789537
222 0.0771532
223 0.0777421
224 0.0757876
225 0.076614
226 0.0749168
227 0.0758879
228 0.0742644
229 0.0750353
230 0.0731456
231 0.0735451
232 0.072122
233 0.0721962
234 0.0704971
235 0.0711849
236 0.0699168
237 0.0708258
238 0.0686748
239 0.0693739
240 0.0680711
241 0.068858
242 0.0673487
243 0.0681292
244 0.0664176
245 0.0674766
246 0.0658621
247 0.0663259
248 0.0644358
249 0.0649336
250 0.0637133
251 0.064358
252 0.0626273
253 0.0637174
254 0.0618175
255 0.0624109
256 0.0610404
257 0.0618183
258 0.0602605
259 0.0608344
260 0.0596785
261 0.0598911
262 0.0583665
263 0.0585947
264 0.0568944
265 0.0574852
266 0.0560366
267 0.0560939
268 0.0552138
269 0.0556399
270 0.054684
271 0.0552244
272 0.0537961
273 0.0550547
274 0.0537049
275 0.0543014
276 0.0528242
277 0.0532909
278 0.0519889
279 0.0522031
280 0.0510022
281 0.051553
282 0.0499183
283 0.0506266
284 0.0493779
285 0.0501766
286 0.048845
287 0.049238
288 0.047925
289 0.0484395
290 0.0474451
291 0.0478808
292 0.0470568
293 0.0479207
294 0.0468197
295 0.0474415
296 0.0465132
297 0.0474258
298 0.0465684
299 0.0470827
300 0.0458633
301 0.046186
302 0.0449267
303 0.0453368
304 0.04425
305 0.0447202
306 0.0431916
307 0.0433992
308 0.0421839
309 0.0423167
310 0.0416375
311 0.0422221
312 0.0413014
313 0.0420862
314 0.0408886
315 0.0415017
316 0.0407867
317 0.041245
318 0.040289
319 0.0407923
320 0.0398189
321 0.0402171
322 0.039603
323 0.0397166
324 0.038587
325 0.0388314
326 0.0377468
327 0.0381255
328 0.0374174
329 0.037753
330 0.0365111
331 0.0368593
332 0.0362686
333 0.0367081
334 0.035913
335 0.036636
336 0.0360116
337 0.0370298
338 0.0353448
339 0.0356764
340 0.03476
341 0.0349803
342 0.0339599
343 0.0343223
344 0.0336182
345 0.0342647
346 0.0334341
347 0.033789
348 0.0330181
349 0.0333987
350 0.0323485
351 0.0325
352 0.0316055
353 0.0318014
354 0.030763
355 0.0313152
356 0.0305308
357 0.0306045
358 0.0301669
359 0.0304049
360 0.0296712
361 0.0298564
362 0.0288197
363 0.0292006
364 0.0285551
365 0.0287072
366 0.0279654
367 0.0283934
368 0.0277516
369 0.028264
370 0.0276157
371 0.0278694
372 0.0271827
373 0.0273728
374 0.0269288
375 0.0267539
376 0.0264476
377 0.0268323
378 0.0259101
379 0.0265312
380 0.0258682
381 0.0264004
382 0.0259652
383 0.0260604
384 0.0251477
385 0.0255696
386 0.0244687
387 0.024983
388 0.0247378
389 0.024754
390 0.0245587
391 0.0244809
392 0.0241032
393 0.0244393
394 0.02383
395 0.0236418
396 0.0230161
397 0.023507
398 0.02292
399 0.0229688
400 0.0222963
401 0.0225526
402 0.0220567
403 0.0217434
404 0.0214768
405 0.021545
406 0.0211568
407 0.0210115
408 0.0207787
409 0.021199
410 0.0209572
411 0.0210551
412 0.0205487
413 0.0210758
414 0.0202145
415 0.0202657
416 0.0200062
417 0.0202841
418 0.0198078
419 0.0200809
420 0.0198521
421 0.0195414
422 0.0189635
423 0.0190816
424 0.0185525
425 0.0184283
426 0.0175753
427 0.0180516
428 0.0173769
429 0.017382
430 0.0173076
431 0.0177737
432 0.0173076
433 0.0173517
434 0.0172918
435 0.0175038
436 0.0169419
437 0.0171973
438 0.0168478
439 0.017496
440 0.0166411
441 0.0169387
442 0.0166866
443 0.0168498
444 0.015953
445 0.0160075
446 0.0155902
447 0.0158589
448 0.0156678
449 0.0158171
450 0.0159921
451 0.0156302
452 0.0155461
453 0.0155082
454 0.0149045
455 0.0153199
456 0.0150436
457 0.015142
458 0.0153477
459 0.0154733
460 0.0152866
461 0.0151138
462 0.0151035
463 0.0147872
464 0.0149904
465 0.0151856
466 0.0144889
467 0.0148169
468 0.0151464
469 0.0146495
470 0.0142294
471 0.0139713
472 0.0144412
473 0.0146598
474 0.014308
475 0.0143408
476 0.0144939
477 0.014107
478 0.0141461
479 0.0144611
480 0.013399
481 0.0136556
482 0.0134792
483 0.0136614
484 0.0139239
485 0.0136591
486 0.0134768
487 0.0131004
488 0.013275
489 0.0132408
490 0.0128139
491 0.013026
492 0.0131685
493 0.012379
494 0.0127569
495 0.0123373
496 0.0118574
497 0.0118057
498 0.011559
499 0.0116036
500 0.0115561
501 0.0121801
502 0.0117984
503 0.0120154
504 0.0118716
505 0.0117964
506 0.0113248
507 0.0115676
508 0.0112738
509 0.0115213
510 0.0117198
511 0.0116651
512 0.01143
513 0.0115586
514 0.0117094
515 0.0115852
516 0.0117327
517 0.0119064
518 0.0117882
519 0.0124044
520 0.0116822
521 0.0116384
522 0.0115722
523 0.0115532
524 0.0113377
525 0.0114692
526 0.0117878
527 0.0120619
528 0.0116586
529 0.0120433
530 0.011838
531 0.0119124
532 0.0115532
533 0.0111848
534 0.010957
535 0.0114322
536 0.0114411
537 0.011834
538 0.0117937
539 0.0119597
540 0.011388
541 0.0113629
542 0.0111175
543 0.0109015
544 0.010554
545 0.0105379
546 0.0102964
547 0.0100743
548 0.00994484
549 0.0101273
550 0.00967764
551 0.00994189
552 0.00946128
553 0.00941371
554 0.0103025
555 0.0101273
556 0.0104162
557 0.0104694
558 0.0101694
559 0.0103538
560 0.0105926
561 0.0102806
562 0.0102071
563 0.0101561
564 0.0100999
565 0.00942518
566 0.00910387
567 0.00895035
568 0.00880437
569 0.00918301
570 0.00881958
571 0.00919093
572 0.00880197
573 0.00900205
574 0.00898416
575 0.00954079
576 0.00891976
577 0.00981149
578 0.0106586
579 0.0098536
580 0.00935179
581 0.00918643
582 0.00995887
583 0.00938082
584 0.00928129
585 0.00933659
586 0.00878613
587 0.00836774
588 0.00854587
589 0.0084303
590 0.00825043
591 0.00884999
592 0.00895426
593 0.00953427
594 0.00903247
595 0.00994484
596 0.0102185
597 0.0108572
598 0.00889561
599 0.0098536
