1 4.39796
2 4.39796
3 3.90781
4 2.18202
5 1.58936
6 1.33377
7 1.20652
8 1.1174
9 1.05844
10 1
11 0.960274
12 0.920404
13 0.894539
14 0.861204
15 0.839392
16 0.815953
17 0.802227
18 0.778936
19 0.766748
20 0.752539
21 0.747057
22 0.72966
23 0.722663
24 0.710967
25 0.707495
26 0.6946
27 0.688991
28 0.68078
29 0.679786
30 0.669034
31 0.664899
32 0.656033
33 0.654401
34 0.642219
35 0.638139
36 0.631199
37 0.63017
38 0.620387
39 0.617134
40 0.611517
41 0.610963
42 0.602661
43 0.600687
44 0.595185
45 0.595302
46 0.586638
47 0.583968
48 0.57839
49 0.577651
50 0.569446
51 0.567861
52 0.563208
53 0.56291
54 0.554872
55 0.552661
56 0.547072
57 0.546655
58 0.538708
59 0.535798
60 0.531376
61 0.530428
62 0.523187
63 0.519929
64 0.515063
65 0.513338
66 0.506855
67 0.504344
68 0.500223
69 0.499651
70 0.493245
71 0.491284
72 0.486581
73 0.485211
74 0.478797
75 0.476771
76 0.473398
77 0.472269
78 0.467569
79 0.465202
80 0.460724
81 0.459943
82 0.454865
83 0.452854
84 0.449104
85 0.449236
86 0.443973
87 0.441878
88 0.43739
89 0.437292
90 0.431479
91 0.429094
92 0.425514
93 0.4252
94 0.419491
95 0.416993
96 0.413527
97 0.412143
98 0.407117
99 0.404652
100 0.401673
101 0.400859
102 0.395267
103 0.3933
104 0.389572
105 0.388894
106 0.384739
107 0.382707
108 0.378856
109 0.378711
110 0.373573
111 0.371747
112 0.367546
113 0.365902
114 0.361397
115 0.359618
116 0.356236
117 0.354432
118 0.348769
119 0.346514
120 0.342981
121 0.340575
122 0.337374
123 0.335189
124 0.333145
125 0.331571
126 0.327241
127 0.324273
128 0.32136
129 0.318953
130 0.314978
131 0.312001
132 0.309947
133 0.308397
134 0.305612
135 0.304349
136 0.301435
137 0.298516
138 0.295168
139 0.29337
140 0.290207
141 0.289809
142 0.285833
143 0.28367
144 0.281451
145 0.280402
146 0.275621
147 0.273209
148 0.269835
149 0.267888
150 0.264642
151 0.261846
152 0.258947
153 0.257642
154 0.25388
155 0.252825
156 0.251093
157 0.249412
158 0.24664
159 0.245399
160 0.243732
161 0.241707
162 0.239273
163 0.237801
164 0.236601
165 0.235174
166 0.231821
167 0.230182
168 0.228497
169 0.227506
170 0.225003
171 0.224156
172 0.22296
173 0.221217
174 0.220054
175 0.217669
176 0.215408
177 0.213513
178 0.211293
179 0.209623
180 0.206969
181 0.20585
182 0.203294
183 0.20051
184 0.198644
185 0.197251
186 0.195318
187 0.193128
188 0.191924
189 0.191248
190 0.188499
191 0.18685
192 0.184594
193 0.183555
194 0.18197
195 0.180559
196 0.1781
197 0.17725
198 0.175073
199 0.174467
200 0.171484
201 0.16985
202 0.167688
203 0.16658
204 0.165539
205 0.164176
206 0.162883
207 0.161565
208 0.159953
209 0.159139
210 0.157206
211 0.155502
212 0.153961
213 0.153042
214 0.151071
215 0.14913
216 0.148097
217 0.147458
218 0.146128
219 0.144787
220 0.143543
221 0.14246
222 0.141374
223 0.139837
224 0.137922
225 0.136579
226 0.135248
227 0.133705
228 0.132691
229 0.131454
230 0.130558
231 0.129888
232 0.129379
233 0.127924
234 0.126349
235 0.124729
236 0.124181
237 0.122938
238 0.122037
239 0.120818
240 0.120066
241 0.118201
242 0.116579
243 0.115053
244 0.114501
245 0.11397
246 0.113015
247 0.111936
248 0.111138
249 0.110618
250 0.109851
251 0.108706
252 0.108173
253 0.108106
254 0.106508
255 0.104556
256 0.104826
257 0.103484
258 0.102477
259 0.101981
260 0.100774
261 0.0996775
262 0.0987714
263 0.0980453
264 0.0970797
265 0.0962356
266 0.0961442
267 0.0945368
268 0.0949279
269 0.0942764
270 0.0933835
271 0.0929398
272 0.0922178
273 0.0914591
274 0.0900962
275 0.0892169
276 0.0876986
277 0.0877373
278 0.0864223
279 0.0852081
280 0.0845371
281 0.0840484
282 0.082851
283 0.0826737
284 0.0815535
285 0.0810532
286 0.0806625
287 0.0802383
288 0.0788377
289 0.0790842
290 0.0779578
291 0.0770224
292 0.0765157
293 0.0767089
294 0.0756564
295 0.0744935
296 0.0740414
297 0.0737936
298 0.0719609
299 0.0711368
300 0.0696971
301 0.0693067
302 0.0686232
303 0.0676347
304 0.0674341
305 0.067596
306 0.0659788
307 0.0654767
308 0.0648391
309 0.0644812
310 0.0641816
311 0.0627379
312 0.0625377
313 0.062585
314 0.0606565
315 0.0602379
316 0.0603256
317 0.05924
318 0.0584386
319 0.0579334
320 0.0565649
321 0.0565288
322 0.0557098
323 0.0553476
324 0.0554948
325 0.0552227
326 0.0543831
327 0.0537389
328 0.0539003
329 0.0531253
330 0.0521633
331 0.0517714
332 0.0510898
333 0.0514051
334 0.05134
335 0.050847
336 0.0507488
337 0.0497031
338 0.0493893
339 0.0489945
340 0.0484955
341 0.0474896
342 0.0475711
343 0.0469189
344 0.0456864
345 0.0456352
346 0.0451645
347 0.0447861
348 0.0443243
349 0.0441383
350 0.0432825
351 0.0431945
352 0.0425799
353 0.0415588
354 0.0412645
355 0.0407656
356 0.0399375
357 0.0394174
358 0.0389702
359 0.0385595
360 0.0382342
361 0.0373465
362 0.0375861
363 0.0370807
364 0.0368298
365 0.0364749
366 0.0364694
367 0.0353765
368 0.0354127
369 0.0344035
370 0.0346058
371 0.034358
372 0.0339879
373 0.0334323
374 0.0326631
375 0.0326809
376 0.032165
377 0.0315395
378 0.0313154
379 0.0311165
380 0.0302731
381 0.0308167
382 0.0301366
383 0.0291081
384 0.0295631
385 0.029408
386 0.0282918
387 0.0276525
388 0.0271769
389 0.0273757
390 0.026729
391 0.0273588
392 0.0272598
393 0.0263738
394 0.0260701
395 0.0262213
396 0.0256308
397 0.025653
398 0.0249603
399 0.0247597
400 0.0244399
401 0.0235922
402 0.0233025
403 0.0230433
404 0.022968
405 0.0224997
406 0.0221292
407 0.0223271
408 0.0217684
409 0.0212442
410 0.0214158
411 0.0210061
412 0.0213647
413 0.0211028
414 0.0210428
415 0.0200178
416 0.0198774
417 0.0200456
418 0.0193718
419 0.0197563
420 0.0196658
421 0.0195613
422 0.0198533
423 0.0197956
424 0.0194768
425 0.018898
426 0.0188415
427 0.0185642
428 0.0186808
429 0.0187945
430 0.018224
431 0.0180314
432 0.0181354
433 0.0176943
434 0.0165857
435 0.0173072
436 0.0171198
437 0.0171794
438 0.0164628
439 0.0162189
440 0.0165016
441 0.0164239
442 0.0163023
443 0.015714
444 0.0161129
445 0.0159195
446 0.0161003
447 0.01509
448 0.0150178
449 0.0150735
450 0.0150173
451 0.014667
452 0.0141001
453 0.0143212
454 0.0145948
455 0.0140807
456 0.0143838
457 0.0144639
458 0.0139061
459 0.0136566
460 0.0130791
461 0.0126338
462 0.0127843
463 0.0127696
464 0.0122942
465 0.0127125
466 0.0121912
467 0.0122291
468 0.0127962
469 0.0118115
470 0.0118041
471 0.0121784
472 0.0122396
473 0.0117411
474 0.0117146
475 0.011635
476 0.0112972
477 0.0111578
478 0.0109145
479 0.0112382
480 0.010858
481 0.0112915
482 0.0110897
483 0.0108688
484 0.0106137
485 0.0105667
486 0.0107884
487 0.0107479
488 0.0106032
489 0.0108428
490 0.0106798
491 0.0106202
492 0.0108276
493 0.0104397
494 0.0109363
495 0.0111723
496 0.0111834
497 0.011452
498 0.0107457
499 0.0102134
500 0.0100879
501 0.00986138
502 0.0103474
503 0.010048
504 0.0104606
505 0.010477
506 0.00959583
507 0.00966318
508 0.0100472
509 0.00930265
510 0.00916422
511 0.00926376
512 0.00913792
513 0.0093145
514 0.00950398
515 0.00928082
516 0.00919459
517 0.00940516
518 0.0086433
519 0.00943502
520 0.00881379
521 0.00867579
522 0.00845387
523 0.0080125
524 0.00844312
525 0.00819861
526 0.00749418
527 0.00797971
528 0.00745735
529 0.00803838
530 0.0073198
531 0.00725985
532 0.00768996
533 0.00779722
534 0.00765309
535 0.00791065
536 0.00745594
537 0.00762156
538 0.00749275
539 0.00789768
540 0.00718893
541 0.00793563
542 0.00758936
543 0.00767493
544 0.00739614
545 0.00752763
546 0.00748201
547 0.00804125
548 0.00814008
549 0.00758028
550 0.00802948
551 0.00795884
552 0.00804164
553 0.0079643
554 0.00791268
555 0.00808563
556 0.00849584
557 0.00770361
558 0.00770661
559 0.00716108
560 0.00702579
561 0.00713893
562 0.00658478
563 0.0070498
564 0.00706229
565 0.00729952
566 0.00709323
567 0.00669731
568 0.00746174
569 0.00636883
570 0.00671151
571 0.00624301
572 0.00678087
573 0.006894
574 0.00704189
575 0.00735166
576 0.00792213
577 0.00847868
578 0.00809388
579 0.00805555
580 0.00845528
581 0.00793823
582 0.00839445
583 0.00763132
584 0.00726634
585 0.00807003
586 0.0077375
587 0.00782092
588 0.00863777
589 0.00802948
590 0.00813376
591 0.00699538
592 0.00610032
593 0.00596128
594 0.00583962
595 0.00644791
596 0.00729952
597 0.00681289
598 0.00711704
599 0.00729952
