1 7.52518
2 7.52518
3 6.94822
4 3.52901
5 2.16323
6 1.59863
7 1.33293
8 1.17052
9 1.0794
10 1
11 0.952807
12 0.903527
13 0.877708
14 0.838458
15 0.819628
16 0.788342
17 0.776208
18 0.747614
19 0.735571
20 0.713248
21 0.707472
22 0.684843
23 0.678713
24 0.658674
25 0.65495
26 0.634287
27 0.631421
28 0.613857
29 0.613398
30 0.594758
31 0.592784
32 0.578132
33 0.57926
34 0.563398
35 0.563268
36 0.549659
37 0.551044
38 0.534434
39 0.53469
40 0.521134
41 0.523931
42 0.507921
43 0.508082
44 0.497061
45 0.500163
46 0.486326
47 0.487909
48 0.4769
49 0.48142
50 0.468654
51 0.470764
52 0.460356
53 0.464891
54 0.452567
55 0.453685
56 0.443375
57 0.447659
58 0.435781
59 0.439024
60 0.430008
61 0.434335
62 0.423216
63 0.425471
64 0.416508
65 0.420149
66 0.40886
67 0.411597
68 0.402849
69 0.406667
70 0.396316
71 0.398041
72 0.389534
73 0.393609
74 0.383626
75 0.386206
76 0.377488
77 0.381378
78 0.371721
79 0.373765
80 0.365283
81 0.368468
82 0.357892
83 0.360119
84 0.351893
85 0.355722
86 0.346767
87 0.349889
88 0.342303
89 0.346513
90 0.337528
91 0.339652
92 0.332046
93 0.335093
94 0.32572
95 0.32719
96 0.320004
97 0.322319
98 0.313596
99 0.315411
100 0.309187
101 0.312933
102 0.305517
103 0.307381
104 0.301019
105 0.303876
106 0.296146
107 0.29945
108 0.292763
109 0.29628
110 0.28709
111 0.289522
112 0.283464
113 0.286051
114 0.278528
115 0.280004
116 0.274072
117 0.276829
118 0.26908
119 0.270725
120 0.264793
121 0.267961
122 0.261005
123 0.261767
124 0.255906
125 0.258477
126 0.25126
127 0.253733
128 0.247886
129 0.250877
130 0.24441
131 0.246322
132 0.24216
133 0.24568
134 0.240177
135 0.241654
136 0.236514
137 0.237627
138 0.231461
139 0.232238
140 0.2274
141 0.229472
142 0.223631
143 0.224552
144 0.219776
145 0.221359
146 0.215366
147 0.216811
148 0.211837
149 0.214345
150 0.208902
151 0.210431
152 0.205604
153 0.20768
154 0.202041
155 0.202354
156 0.198935
157 0.200546
158 0.194788
159 0.195712
160 0.191645
161 0.192424
162 0.187207
163 0.188158
164 0.18438
165 0.185878
166 0.181232
167 0.182673
168 0.17918
169 0.181288
170 0.176703
171 0.17838
172 0.173906
173 0.175179
174 0.170719
175 0.170857
176 0.167486
177 0.169753
178 0.165691
179 0.165858
180 0.161889
181 0.163128
182 0.158166
183 0.157982
184 0.155244
185 0.156507
186 0.152782
187 0.153745
188 0.150811
189 0.152298
190 0.147581
191 0.148567
192 0.144612
193 0.146625
194 0.141894
195 0.143917
196 0.140102
197 0.141071
198 0.1368
199 0.137396
200 0.133566
201 0.13514
202 0.131828
203 0.13258
204 0.130346
205 0.130896
206 0.128154
207 0.128463
208 0.126109
209 0.12744
210 0.123592
211 0.123847
212 0.121364
213 0.122843
214 0.119259
215 0.119354
216 0.116588
217 0.118313
218 0.114963
219 0.114636
220 0.112522
221 0.113394
222 0.111187
223 0.11198
224 0.108864
225 0.110641
226 0.10882
227 0.109337
228 0.106748
229 0.108157
230 0.105613
231 0.105326
232 0.103403
233 0.103376
234 0.100552
235 0.100938
236 0.0980694
237 0.0997112
238 0.096588
239 0.0968832
240 0.094484
241 0.0949132
242 0.0917669
243 0.0929222
244 0.0912092
245 0.0926598
246 0.0899274
247 0.0898133
248 0.0882531
249 0.0888622
250 0.0867328
251 0.0866493
252 0.0852048
253 0.0857862
254 0.0836375
255 0.0828783
256 0.0814373
257 0.0827583
258 0.0802798
259 0.0811415
260 0.0797222
261 0.0796532
262 0.0780017
263 0.078678
264 0.0765267
265 0.07695
266 0.0758894
267 0.0757744
268 0.0741443
269 0.0748276
270 0.0719592
271 0.0723288
272 0.0702876
273 0.0704068
274 0.0678325
275 0.0678829
276 0.0662388
277 0.0673407
278 0.065387
279 0.0652338
280 0.0643415
281 0.0643114
282 0.0625153
283 0.0623048
284 0.0606941
285 0.0611402
286 0.0596796
287 0.0601425
288 0.0584961
289 0.059289
290 0.0579522
291 0.0583194
292 0.0569742
293 0.0579955
294 0.0566177
295 0.0571086
296 0.0557217
297 0.0560192
298 0.0541731
299 0.0549007
300 0.0533055
301 0.0545278
302 0.0531138
303 0.0529182
304 0.0524376
305 0.052536
306 0.0497201
307 0.0500638
308 0.0487922
309 0.0486003
310 0.0477698
311 0.0468683
312 0.0459481
313 0.04615
314 0.0444926
315 0.0450897
316 0.0444357
317 0.04534
318 0.0440487
319 0.0448654
320 0.0437451
321 0.0449133
322 0.0432421
323 0.0431976
324 0.0417811
325 0.041942
326 0.0399417
327 0.0397478
328 0.0389624
329 0.0389453
330 0.0379659
331 0.0380713
332 0.0375724
333 0.0379066
334 0.0368362
335 0.0368511
336 0.0366078
337 0.0369146
338 0.0356389
339 0.0359636
340 0.0353191
341 0.0355018
342 0.034563
343 0.0345882
344 0.0341912
345 0.0341509
346 0.0335552
347 0.0329793
348 0.0322593
349 0.0316049
350 0.0305816
351 0.0301391
352 0.0300129
353 0.0292284
354 0.0279643
355 0.02872
356 0.0276331
357 0.0279308
358 0.0273612
359 0.0277623
360 0.0277128
361 0.0278061
362 0.0272222
363 0.0275532
364 0.0270217
365 0.0272061
366 0.0267084
367 0.0265911
368 0.0262906
369 0.0261184
370 0.0255822
371 0.0253351
372 0.0248586
373 0.0252486
374 0.024264
375 0.0247309
376 0.0241378
377 0.0237898
378 0.0228086
379 0.0226926
380 0.0223305
381 0.0228503
382 0.0220885
383 0.0220377
384 0.0219044
385 0.0219961
386 0.0210526
387 0.0203904
388 0.0200011
389 0.0209506
390 0.0205581
391 0.0205796
392 0.0205155
393 0.0206838
394 0.0200717
395 0.0201741
396 0.0199411
397 0.019915
398 0.0194981
399 0.0194817
400 0.0189153
401 0.0187573
402 0.0187258
403 0.0188673
404 0.0185848
405 0.0184777
406 0.0184701
407 0.0178928
408 0.0170405
409 0.0173002
410 0.0168024
411 0.0170608
412 0.0161853
413 0.0162932
414 0.0161884
415 0.0164333
416 0.0160952
417 0.0162369
418 0.0158046
419 0.0163618
420 0.015943
421 0.0159367
422 0.0160837
423 0.016225
424 0.01517
425 0.0151426
426 0.015452
427 0.0150243
428 0.0149764
429 0.0149384
430 0.0140906
431 0.0144298
432 0.0143149
433 0.0140331
434 0.0135522
435 0.0140824
436 0.0135755
437 0.0137327
438 0.0134267
439 0.0130513
440 0.0127822
441 0.0128152
442 0.0123264
443 0.0124487
444 0.0116454
445 0.0119777
446 0.0118397
447 0.0115755
448 0.0114184
449 0.0119669
450 0.0116269
451 0.0119961
452 0.0119919
453 0.0117874
454 0.0116476
455 0.0117478
456 0.0110007
457 0.0112641
458 0.0107612
459 0.0107824
460 0.0110784
461 0.0110728
462 0.0107118
463 0.0105462
464 0.0106763
465 0.0108111
466 0.0104623
467 0.0103666
468 0.00980383
469 0.0101639
470 0.0101481
471 0.0102858
472 0.010335
473 0.0104788
474 0.0110898
475 0.0101623
476 0.0105579
477 0.0103884
478 0.0106462
479 0.00980112
480 0.00974799
481 0.00973823
482 0.00952116
483 0.00948683
484 0.00899476
485 0.00843069
486 0.00873236
487 0.00899059
488 0.0086245
489 0.00849575
490 0.00816648
491 0.00858938
492 0.00871981
493 0.00831876
494 0.00819651
495 0.00795654
496 0.00734077
497 0.00823628
498 0.00858682
499 0.00839486
500 0.00770628
501 0.0081905
502 0.00822801
503 0.00874294
504 0.00859476
505 0.00893886
506 0.00899014
507 0.00788054
508 0.00869581
509 0.00848153
510 0.00814116
511 0.00830012
512 0.00852321
513 0.0083136
514 0.00848065
515 0.00866647
516 0.00863486
517 0.00885103
518 0.00848747
519 0.00863665
520 0.00867651
521 0.0083136
522 0.00858319
523 0.00824916
524 0.00829886
525 0.00817937
526 0.00847927
527 0.0086152
528 0.00848977
529 0.00816414
530 0.00797967
531 0.0078605
532 0.00726158
533 0.00753653
534 0.00681091
535 0.00663708
536 0.0065126
537 0.00664904
538 0.00606128
539 0.00650517
540 0.00656667
541 0.00653044
542 0.00664904
543 0.00699435
544 0.0070715
545 0.00751347
546 0.00683272
547 0.00654713
548 0.00615034
549 0.00593271
550 0.00626726
551 0.00670829
552 0.00634904
553 0.00680254
554 0.00676954
555 0.00624496
556 0.00589802
557 0.00635648
558 0.00593271
559 0.00611575
560 0.00621373
561 0.00592022
562 0.0061669
563 0.00657364
564 0.00655721
565 0.00670654
566 0.00602774
567 0.00671333
568 0.00614088
569 0.00621373
570 0.00621026
571 0.0057848
572 0.00624496
573 0.00617557
574 0.00580414
575 0.00593271
576 0.00536332
577 0.00605281
578 0.00554699
579 0.0058435
580 0.00702558
581 0.00651818
582 0.00672534
583 0.0059611
584 0.00545015
585 0.00555107
586 0.00480862
587 0.00472833
588 0.00451025
589 0.00362208
590 0.00508518
591 0.00530822
592 0.00606653
593 0.00791028
594 0.00905519
595 0.00624496
596 0.0054123
597 0.00582863
598 0.00530822
599 0.00437147
